Wavelength	Intensity	Wavelength	Intensity	Wavelength	Intensity	Wavelength	Intensity	Wavelength	Intensity	Wavelength	Intensity	Wavelength	Intensity	Wavelength	Intensity	Wavelength	Intensity	Wavelength	Intensity	Wavelength	Intensity	Wavelength	Intensity	Wavelength	Intensity	Wavelength	Intensity	Wavelength	Intensity	Wavelength	Intensity	Wavelength	Intensity
(nm)	(-)	(nm)	(-)	(nm)	(-)	(nm)	(-)	(nm)	(-)	(nm)	(-)	(nm)	(-)	(nm)	(-)	(nm)	(-)	(nm)	(-)	(nm)	(-)	(nm)	(-)	(nm)	(-)	(nm)	(-)	(nm)	(-)	(nm)	(-)	(nm)	(-)
 	Pk16eVCsFA	 	Pk12eV	 	Total	 	Total absorptance	 	Transmittance	 	1-Reflectance	 	s_Lif	 	ITOsput030E20	 	SnO2	 	C60	 	NiOCSEMasdep	 	ITOsput1E20	 	SnO2	 	C60	 	s_ITO4	 	SiO2	 	Agpvlab
300.0	0.07939461674619322	300.0	1.1401546160573819e-09	300.0	0.07939461788634783	300.0	0.9822638476830846	300.0	1.6586564256273135e-22	300.0	0.9822638476830846	300.0	2.220446049250313e-16	300.0	0.8265475832296755	300.0	0.01608587607121259	300.0	0.06023576444342463	300.0	4.4577096125152917e-10	300.0	6.864716762539336e-10	300.0	2.9619099018935315e-09	300.0	1.95827135552712e-09	300.0	7.258861685913514e-20	300.0	1.504632769052528e-36	300.0	7.630645829680661e-21
305.0	0.09800111836009884	305.0	9.87901750532089e-10	305.0	0.09800111934800058	305.0	0.9807393583858727	305.0	3.1777133433637225e-22	305.0	0.9807393583858727	305.0	-6.661338147750939e-16	305.0	0.8021390111123616	305.0	0.01706299773410791	305.0	0.0635362260878251	305.0	3.1601691607155657e-10	305.0	4.480504661475024e-10	305.0	1.9028581539158648e-09	305.0	1.4366526325032139e-09	305.0	5.70341231994173e-20	305.0	0.0	305.0	7.279128538974503e-21
310.0	0.11667498361501867	310.0	7.918767683921729e-10	310.0	0.11667498440689544	310.0	0.9784482959992058	310.0	4.737887064405037e-22	310.0	0.9784482959992058	310.0	6.661338147750939e-16	310.0	0.7768973278619625	310.0	0.018031616734607597	310.0	0.06684436427130905	310.0	2.159980012861408e-10	310.0	2.8102952781273634e-10	310.0	1.2025614138641777e-09	310.0	1.024841573199272e-09	310.0	3.568056089796918e-20	310.0	-7.52316384526264e-37	310.0	5.299632867966628e-21
315.0	0.13471471516762212	315.0	6.003517900937639e-10	315.0	0.13471471576797392	315.0	0.9761068028405109	315.0	6.499539177517983e-22	315.0	0.9761068028405109	315.0	2.220446049250313e-16	315.0	0.7516417165986604	315.0	0.018537316756138122	315.0	0.07121305193335556	315.0	1.419608575500576e-10	315.0	1.7301678584663625e-10	315.0	7.422346821772436e-10	315.0	7.27170390963084e-10	315.0	2.3437604790895398e-20	315.0	0.0	315.0	3.746637445751015e-21
320.0	0.15142062506756968	320.0	4.4255535983757547e-10	320.0	0.15142062551012503	320.0	0.9744496522691715	320.0	4.698475676911004e-22	320.0	0.9744496522691715	320.0	-3.3306690738754696e-16	320.0	0.7271046232993443	320.0	0.018446099109648062	320.0	0.07747830315545665	320.0	9.301836980669278e-11	320.0	1.0978845690039528e-10	320.0	4.600917590140313e-10	320.0	5.316993121278164e-10	320.0	1.379142700159122e-20	320.0	-3.76158192263132e-37	320.0	2.282722529463634e-21
325.0	0.16649931947193455	325.0	3.293422153486604e-10	325.0	0.16649931980127677	325.0	0.9746183337576574	325.0	2.972245650229927e-22	325.0	0.9746183337576574	325.0	1.2212453270876722e-15	325.0	0.703275008221051	325.0	0.018100610012857954	325.0	0.0867433948640288	325.0	6.465486478408915e-11	325.0	7.592690604291049e-11	325.0	3.022553530182312e-10	325.0	4.156044844594607e-10	325.0	9.211962391526623e-21	325.0	-3.76158192263132e-37	325.0	1.5250235712487225e-21
330.0	0.18019853292440466	330.0	2.6188824664436506e-10	330.0	0.1801985331862929	330.0	0.9771313846610371	330.0	1.9279639330373106e-22	330.0	0.9771313846610371	330.0	-7.059302281534699e-58	330.0	0.6796631076904651	330.0	0.017349113677122496	330.0	0.09992062941431554	330.0	5.1229292333876635e-11	330.0	5.995540048145918e-11	330.0	2.1818441131488554e-10	330.0	3.634719976430197e-10	330.0	6.942610038612539e-21	330.0	1.88079096131566e-37	330.0	1.0652017570985708e-21
335.0	0.19375393368598276	335.0	2.3671755950270075e-10	335.0	0.19375393392270032	335.0	0.9819537485038488	335.0	1.223392900081793e-22	335.0	0.9819537485038488	335.0	-3.3306690738754696e-16	335.0	0.654999706728345	335.0	0.016007292024263597	335.0	0.1171928151766451	335.0	4.90615846275531e-11	335.0	5.5132675543040784e-11	335.0	1.7762630066394592e-10	335.0	3.70074459217304e-10	335.0	5.922862674074174e-21	335.0	-1.88079096131566e-37	335.0	8.343764814205937e-22
340.0	0.20931257955475932	340.0	2.6171146983089714e-10	340.0	0.20931257981647078	340.0	0.987679463059149	340.0	1.1225544218827383e-22	340.0	0.987679463059149	340.0	-4.440892098500626e-16	340.0	0.6273701655785735	340.0	0.014344823835969633	340.0	0.13665189308616482	340.0	5.90054487423796e-11	340.0	6.020852998676584e-11	340.0	1.719199076201843e-10	340.0	4.5083690701763365e-10	340.0	6.903329972364769e-21	340.0	9.4039548065783e-37	340.0	9.582215103947895e-22
345.0	0.23019441226081813	345.0	3.6732646994756714e-10	345.0	0.2301944126281446	345.0	0.9927537116412457	345.0	1.4020508443674684e-22	345.0	0.9927537116412457	345.0	-1.1102230246251565e-16	345.0	0.5956682045045085	345.0	0.012842112287283769	345.0	0.15404898120138588	345.0	8.693778560256703e-11	345.0	7.713431252472076e-11	345.0	2.0396762038206812e-10	345.0	6.518834389357515e-10	345.0	1.0649952617371216e-20	345.0	1.88079096131566e-37	345.0	1.484400562994865e-21
350.0	0.2590954386394034	350.0	6.663520916748144e-10	350.0	0.25909543930575546	350.0	0.9956366475285962	350.0	2.6493919288970566e-22	350.0	0.9956366475285962	350.0	-2.220446049250313e-16	350.0	0.5606306724791872	350.0	0.011505556671684292	350.0	0.1644049773971028	350.0	1.5276318962204189e-10	350.0	1.156676606206305e-10	350.0	2.956343732741109e-10	350.0	1.1108014317041903e-09	350.0	2.349883665813657e-20	350.0	7.52316384526264e-37	350.0	3.3259574129365228e-21
355.0	0.2960218976149943	355.0	1.508192584286646e-09	355.0	0.2960218991231869	355.0	0.9965625796745368	355.0	6.709273821970792e-22	355.0	0.9965625796745368	355.0	5.551115123125783e-16	355.0	0.5242623827525208	355.0	0.010165423156270725	355.0	0.16611287143345826	355.0	3.100194560148897e-10	355.0	2.0088124171255087e-10	355.0	5.028493112204299e-10	355.0	2.195349482212614e-09	355.0	6.953271736655566e-20	355.0	-4.513898307157584e-36	355.0	9.854929822561409e-21
360.0	0.33788830854947083	360.0	3.958579644923682e-09	360.0	0.33788831250805046	360.0	0.9961311952656929	360.0	2.059884219713518e-21	360.0	0.9961311952656929	360.0	5.551115123125783e-16	360.0	0.48801070567782023	360.0	0.008998835407857786	360.0	0.16123333473459767	360.0	7.002498986721384e-10	360.0	3.9436231130510533e-10	360.0	9.798978459991565e-10	360.0	4.8628561405383276e-09	360.0	2.3635320120585982e-19	360.0	-3.611118645726067e-35	360.0	3.3924206159870685e-20
365.0	0.3834597483330992	365.0	1.1425469833570337e-08	365.0	0.38345975975856905	365.0	0.9947653876608156	365.0	6.7173123707489105e-21	365.0	0.9947653876608156	365.0	-1.1102230246251565e-15	365.0	0.45217232951123576	365.0	0.008128510259583499	365.0	0.15100477191154266	365.0	1.6966506234097305e-09	365.0	8.451633351234448e-10	365.0	2.1414991082299022e-09	365.0	1.153657267536117e-08	365.0	8.484625688241293e-19	365.0	-7.222237291452134e-35	365.0	1.2293616677826714e-19
370.0	0.43172685320463733	370.0	3.465969769412597e-08	370.0	0.431726887864335	370.0	0.9929604569612596	370.0	2.8007702810305705e-20	370.0	0.9929604569612596	370.0	-2.220446049250313e-16	370.0	0.4177781884474927	370.0	0.0074245813708175845	370.0	0.13603076008637727	370.0	4.228461027987194e-09	370.0	1.9255629714835272e-09	370.0	4.971641939709675e-09	370.0	2.8066571244629727e-08	370.0	3.289663124306172e-18	370.0	-2.8888949165808538e-34	370.0	5.351214430943221e-19
375.0	0.4783243954828319	375.0	1.0330000780991119e-07	375.0	0.4783244987828397	375.0	0.9904362028489873	375.0	1.1394729683743945e-19	375.0	0.9904362028489873	375.0	9.992007221626409e-16	375.0	0.38427525867845413	375.0	0.0067277048081255675	375.0	0.12110864611412353	375.0	1.0509054901284258e-08	375.0	4.542044204590951e-09	375.0	1.1466223459691868e-08	375.0	6.79481208406875e-08	375.0	1.2447920506864211e-17	375.0	-1.1555579666323415e-33	375.0	2.269938533216701e-18
380.0	0.5193175904733237	380.0	2.867855326275327e-07	380.0	0.5193178772588564	380.0	0.9861663520372762	380.0	3.493709403591251e-19	380.0	0.9861663520372762	380.0	-1.1102230246251565e-16	380.0	0.3518137980191808	380.0	0.006088969639910458	380.0	0.10894548693654771	380.0	2.53718628110206e-08	380.0	1.0630367433394457e-08	380.0	2.5468377409632827e-08	380.0	1.5871217334777946e-07	380.0	3.8902688671274354e-17	380.0	6.162975822039155e-33	380.0	7.51597501555285e-18
385.0	0.5539733414426411	385.0	7.36663987457949e-07	385.0	0.5539740781066286	385.0	0.9792899944109286	385.0	9.933354209242697e-19	385.0	0.9792899944109286	385.0	-4.440892098500626e-16	385.0	0.3200859615205546	385.0	0.005323959146229074	385.0	0.09990551716213913	385.0	4.653225189994529e-08	385.0	2.4064348192183267e-08	385.0	5.219018266334291e-08	385.0	3.556885946873941e-07	385.0	1.138850966294603e-16	385.0	3.389636702121535e-32	385.0	2.3170823443996432e-17
390.0	0.5827271953772605	390.0	1.7212454040309951e-06	390.0	0.5827289166226645	390.0	0.9699226675027797	390.0	2.6495213881865382e-18	390.0	0.9699226675027797	390.0	1.2212453270876722e-15	390.0	0.289097488059163	390.0	0.004457699432939832	390.0	0.093637593283879	390.0	7.512689587418096e-08	390.0	5.070309349214128e-08	390.0	9.520848172299737e-08	390.0	7.490656607540252e-07	390.0	3.084623339269257e-16	390.0	4.930380657631324e-32	390.0	6.577960089823831e-17
395.0	0.6055434353554083	395.0	3.628946839757506e-06	395.0	0.6055470643022481	395.0	0.9582284338264357	395.0	6.058783296303229e-18	395.0	0.9582284338264357	395.0	3.3306690738754696e-16	395.0	0.2592290231735068	395.0	0.003842433902584208	395.0	0.08960806441633828	395.0	1.1441658151699675e-07	395.0	9.741217641909859e-08	395.0	1.649280394050237e-07	395.0	1.4712749598110532e-06	395.0	7.054004378378391e-16	395.0	-9.860761315262648e-32	395.0	1.5701771544507957e-16
400.0	0.623248461849045	400.0	6.962600414159326e-06	400.0	0.6232554244494591	400.0	0.9447855960747352	400.0	1.3189751012169386e-17	400.0	0.9447855960747352	400.0	9.992007221626409e-16	400.0	0.23079355054563988	400.0	0.0033004435737392646	400.0	0.0874328846619642	400.0	1.6378668117102812e-07	400.0	1.7005612625279333e-07	400.0	2.6301616772989057e-07	400.0	2.6959849546152732e-06	400.0	1.5236390555327817e-15	400.0	-1.035379938102578e-30	400.0	3.5568580749008045e-16
405.0	0.6368417532310058	405.0	1.1987888138363884e-05	405.0	0.6368537411191442	405.0	0.9305902240414669	405.0	2.3770079851146594e-17	405.0	0.9305902240414669	405.0	-0.0	405.0	0.2041207140763044	405.0	0.002783058370454339	405.0	0.08682732482619904	405.0	2.147899746030344e-07	405.0	2.643970253861082e-07	405.0	3.7365443133447626e-07	405.0	4.532807930015497e-06	405.0	2.739772851841599e-15	405.0	-5.9164567891575885e-31	405.0	7.052828048709846e-16
410.0	0.6468852042312101	410.0	1.907057812588695e-05	410.0	0.646904274809336	410.0	0.916007005714323	410.0	3.933526068620987e-17	410.0	0.916007005714323	410.0	5.551115123125783e-16	410.0	0.17922847614994153	410.0	0.002498435388115783	410.0	0.08736749179603598	410.0	2.6396955552333436e-07	410.0	3.758664119951124e-07	410.0	5.275438942940066e-07	410.0	7.160191025465224e-06	410.0	4.461992550323871e-15	410.0	5.9164567891575885e-31	410.0	1.2820136812972155e-15
415.0	0.6545510392249586	415.0	2.8459302705106186e-05	415.0	0.6545794985276637	415.0	0.9018772974466879	415.0	6.457162889738145e-17	415.0	0.901877297446688	415.0	1.1102230246251565e-15	415.0	0.15627777385316144	415.0	0.002207647707012095	415.0	0.088800154146088	415.0	3.05903453893638e-07	415.0	4.93628468609636e-07	415.0	6.920801917489588e-07	415.0	1.073160063795496e-05	415.0	7.076997832784962e-15	415.0	7.099748146989106e-30	415.0	2.2701576478737045e-15
420.0	0.660763080379805	420.0	4.014559562897787e-05	420.0	0.660803225975434	420.0	0.8888777007713927	420.0	1.1114680336921425e-16	420.0	0.8888777007713928	420.0	1.1102230246251565e-15	420.0	0.13526673678670587	420.0	0.0019162320342679395	420.0	0.09087443815024154	420.0	3.348826223953982e-07	420.0	6.026756598236414e-07	420.0	8.461384110722883e-07	420.0	1.5284128033486548e-05	420.0	1.1405950844114177e-14	420.0	2.3665827156630354e-30	420.0	4.074939712619634e-15
425.0	0.6662945522828098	425.0	5.331649760458951e-05	425.0	0.6663478687804143	425.0	0.8774997800608952	425.0	1.739208926592783e-16	425.0	0.8774997800608955	425.0	-9.992007221626409e-16	425.0	0.11614083700323452	425.0	0.0016510745735782706	425.0	0.09333742480244867	425.0	3.452859449376474e-07	425.0	6.821375473322255e-07	425.0	9.690918850393827e-07	425.0	2.057838581989096e-05	425.0	1.6493680901002286e-14	425.0	9.466330862652142e-30	425.0	6.636417359302798e-15
430.0	0.6717731089281784	430.0	6.87448784237699e-05	430.0	0.6718418538066022	430.0	0.867993884199549	430.0	2.9594242237497993e-16	430.0	0.8679938841995494	430.0	-1.1102230246251565e-15	430.0	0.09876658737881772	430.0	0.0014520437299045952	430.0	0.09590439864188693	430.0	3.440478798560269e-07	430.0	7.356465626695325e-07	430.0	1.1008590199495193e-06	430.0	2.6820088839191297e-05	430.0	2.5296651787765443e-14	430.0	7.888609052210118e-30	430.0	1.1755094690021023e-14
435.0	0.6779189366320578	435.0	8.658539191246719e-05	435.0	0.6780055220239702	435.0	0.8607743200835727	435.0	4.900027158540088e-16	435.0	0.8607743200835731	435.0	5.551115123125783e-16	435.0	0.08311706938364949	435.0	0.0012571302061326062	435.0	0.09835822866142452	435.0	3.3391435341778054e-07	435.0	7.631749702110012e-07	435.0	1.202158755966997e-06	435.0	3.407056025816091e-05	435.0	3.701543477182663e-14	435.0	-4.1020767071492614e-29	435.0	2.0280526326929603e-14
440.0	0.6852844489883475	440.0	0.00010629210605102128	440.0	0.6853907410943986	440.0	0.8559849955914927	440.0	8.237398627354037e-16	440.0	0.8559849955914934	440.0	2.220446049250313e-16	440.0	0.06906984708508546	440.0	0.001067215092851792	440.0	0.10041303380901212	440.0	3.1468403361304743e-07	440.0	7.58028911389784e-07	440.0	1.2513163108516623e-06	440.0	4.183448079879011e-05	440.0	5.4258851236157224e-14	440.0	-1.8932661725304283e-29	440.0	3.549277295033536e-14
445.0	0.6941714309518883	445.0	0.00012991966747105156	445.0	0.6943013506193593	445.0	0.8536151414675718	445.0	1.4262145603151013e-15	445.0	0.8536151414675732	445.0	-9.992007221626409e-16	445.0	0.056481717175805524	445.0	0.0009467367822580952	445.0	0.10183226800172984	445.0	2.9452389221072163e-07	445.0	7.370694843780528e-07	445.0	1.3506327163726817e-06	445.0	5.068666218181902e-05	445.0	8.156024239560625e-14	445.0	2.524354896707238e-29	445.0	6.358590139070647e-14
450.0	0.7047067125054222	450.0	0.00015807269709571968	450.0	0.7048647852025178	450.0	0.8535336868954467	450.0	2.5143769327879948e-15	450.0	0.8535336868954493	450.0	-3.3306690738754696e-16	450.0	0.04528469718753436	450.0	0.0009311118861879963	450.0	0.10239002950992959	450.0	2.738761956813196e-07	450.0	7.022389546867882e-07	450.0	1.6029065111167575e-06	450.0	6.048408737831254e-05	450.0	1.2254734266352843e-13	450.0	2.524354896707238e-29	450.0	1.1506825578804786e-13
455.0	0.7166827026006994	455.0	0.0001932303084950916	455.0	0.7168759329091945	455.0	0.8551851569363564	455.0	4.460403424255379e-15	455.0	0.8551851569363609	455.0	4.440892098500626e-16	455.0	0.03543191717854732	455.0	0.0009163807548993042	455.0	0.10188650109957043	455.0	2.5611551879078714e-07	455.0	6.598377541112217e-07	455.0	1.9054643754142777e-06	455.0	7.160357610541988e-05	455.0	1.8145654433737133e-13	455.0	3.534096855390133e-28	455.0	2.091961634427247e-13
460.0	0.7303796265550483	460.0	0.00023741409740735963	460.0	0.7306170406524557	460.0	0.8588995911112203	460.0	7.874029798088228e-15	460.0	0.8588995911112282	460.0	-8.881784197001252e-16	460.0	0.026887230224624692	460.0	0.0009032896362843879	460.0	0.10040451686718577	460.0	2.4118981298504533e-07	460.0	6.128716349397221e-07	460.0	2.2705220956975845e-06	460.0	8.438914648921583e-05	460.0	2.6026049833921725e-13	460.0	-7.573064690121713e-28	460.0	3.7754617625601666e-13
465.0	0.7452600992645284	465.0	0.00029575512679556046	465.0	0.745555854391324	465.0	0.8641204549311514	465.0	1.3496085742162285e-14	465.0	0.864120454931165	465.0	-2.220446049250313e-16	465.0	0.019590252926409812	465.0	0.0008909937956862457	465.0	0.09798007129505126	465.0	2.314782607121258e-07	465.0	5.64847198761601e-07	465.0	2.738119293309945e-06	465.0	9.974807692265777e-05	465.0	3.4715794724523475e-13	465.0	-8.077935669463161e-28	465.0	6.577700563170703e-13
470.0	0.7605529198028164	470.0	0.00037229784693489565	470.0	0.7609252176497513	470.0	0.8702492082398218	470.0	2.5782373442496e-14	470.0	0.8702492082398475	470.0	-1.1102230246251565e-16	470.0	0.013529563730654837	470.0	0.0008276183383622016	470.0	0.09484473046049902	470.0	2.2490149344071855e-07	470.0	5.153331989977759e-07	470.0	3.1348171363255257e-06	470.0	0.00011820300695631552	470.0	4.93839268224104e-13	470.0	2.0194839173657902e-27	470.0	1.275623384688783e-12
475.0	0.7760181882442193	475.0	0.0004737666648951266	475.0	0.7764919549091145	475.0	0.8774201853504554	475.0	4.5073882283271254e-14	475.0	0.8774201853505005	475.0	-1.1102230246251565e-16	475.0	0.008640830267350852	475.0	0.0008157908818009485	475.0	0.0913258820167494	475.0	2.22595630241878e-07	475.0	4.6706586677360525e-07	475.0	3.852479251711391e-06	475.0	0.00014118513182881818	475.0	6.014298875483918e-13	475.0	6.866245319043687e-27	475.0	2.2609548113229498e-12
480.0	0.791313746134658	480.0	0.0006128593353411301	480.0	0.7919266054699992	480.0	0.8856048362329227	480.0	8.298381511007983e-14	480.0	0.8856048362330057	480.0	-1.1102230246251565e-16	480.0	0.004963564263649745	480.0	0.0008036133462708817	480.0	0.08773441445827534	480.0	2.2496661857798997e-07	480.0	4.265641598102182e-07	480.0	4.816237597969897e-06	480.0	0.0001711709213947492	480.0	7.032985420661733e-13	480.0	4.0389678347315804e-27	480.0	4.25332490501365e-12
485.0	0.8057952705235881	485.0	0.0007974167644299604	485.0	0.8065926872880181	485.0	0.8941926306181954	485.0	1.47606409231334e-13	485.0	0.8941926306183431	485.0	5.551115123125783e-16	485.0	0.002404660593268604	485.0	0.000790560477484048	485.0	0.08418893491119017	485.0	2.299244112459307e-07	485.0	4.025234215073541e-07	485.0	6.063392816412205e-06	485.0	0.000209091499110737	485.0	7.055778465517137e-13	485.0	-1.9387045606711586e-26	485.0	7.768491820377628e-12
490.0	0.8202686456377248	490.0	0.001059936042960752	490.0	0.8213285816806856	490.0	0.9040592509133591	490.0	2.6886151974359224e-13	490.0	0.904059250913628	490.0	-2.220446049250313e-16	490.0	0.0009898784834225793	490.0	0.0007770242067542954	490.0	0.0806947320035023	490.0	2.413361950132384e-07	490.0	4.17379149699662e-07	490.0	7.803419114977254e-06	490.0	0.00026057238936092624	490.0	6.523538873888187e-13	490.0	-6.462348535570529e-26	490.0	1.4521680755889257e-11
495.0	0.8339336982686272	495.0	0.001412844609110616	495.0	0.8353465428777378	495.0	0.9138991893505644	495.0	4.723056149906092e-13	495.0	0.9138991893510366	495.0	1.2212453270876722e-15	495.0	0.0006526538577130703	495.0	0.0007625157725357212	495.0	0.07680260533910188	495.0	2.5493494276241944e-07	495.0	5.109567087547824e-07	495.0	1.0063347753136578e-05	495.0	0.00032404223713277004	495.0	7.716485975877733e-13	495.0	-8.401053096241687e-26	495.0	2.616579520445718e-11
500.0	0.8475077424428349	500.0	0.0019210706465457343	500.0	0.8494288130893807	500.0	0.9233848188902712	500.0	8.512192822471027e-13	500.0	0.9233848188911224	500.0	-2.220446049250313e-16	500.0	0.0006727534058782458	500.0	0.000747507441376194	500.0	0.0721164411036943	500.0	2.752466389953705e-07	500.0	6.933220130555682e-07	500.0	1.321006467327642e-05	500.0	0.0004051251662161854	500.0	1.526090144674965e-12	500.0	-2.5849394142282115e-26	500.0	4.8874404039863835e-11
505.0	0.8614882333305703	505.0	0.0026187428768946197	505.0	0.8641069762074649	505.0	0.9323736669331114	505.0	1.509511797333893e-12	505.0	0.9323736669346209	505.0	1.2212453270876722e-15	505.0	0.0006881369615496791	505.0	0.0007328996237723207	505.0	0.06632955353524261	505.0	3.0000641364911714e-07	505.0	9.431882820357468e-07	505.0	1.7332924656841596e-05	505.0	0.0004975243927721214	505.0	2.972337073096642e-12	505.0	-2.5849394142282115e-26	505.0	8.998356282118222e-11
510.0	0.8754230672527026	510.0	0.003600950839611663	510.0	0.8790240180923142	510.0	0.94061976133324	510.0	2.59963327572432e-12	510.0	0.9406197613358396	510.0	7.771561172376096e-16	510.0	0.0007062884710605788	510.0	0.0007186882906359271	510.0	0.05954478767986182	510.0	3.3035577239837417e-07	510.0	1.2919130134357482e-06	510.0	2.2894800925719923e-05	510.0	0.0006014615632576451	510.0	5.613016085171949e-12	510.0	-6.462348535570529e-25	510.0	1.6078449796924177e-10
515.0	0.8887102385040115	515.0	0.0049402300940839024	515.0	0.8936504685980955	515.0	0.947992127171175	515.0	4.71283715571421e-12	515.0	0.9479921271758878	515.0	9.992007221626409e-16	515.0	0.0007236870723791311	515.0	0.0007048259798739798	515.0	0.05217293380881838	515.0	3.650850497621189e-07	515.0	1.7593085078407919e-06	515.0	3.0163245720765423e-05	515.0	0.0007079237592971414	515.0	1.1196005607787242e-11	515.0	8.788794008375919e-25	515.0	3.022353058292473e-10
520.0	0.9006375664461583	520.0	0.006727239180253811	520.0	0.9073648056264122	520.0	0.9545086551248279	520.0	8.09862973355876e-12	520.0	0.9545086551329265	520.0	1.315699280147161e-32	520.0	0.000740223638824089	520.0	0.0006911089333170306	520.0	0.04485653606775852	520.0	4.0076217418633385e-07	520.0	2.37599146897315e-06	520.0	3.950325280753956e-05	520.0	0.0008137002986400262	520.0	2.0872608480754307e-11	520.0	-2.3781442610899546e-24	520.0	5.325527045919965e-10
525.0	0.9104099667187305	525.0	0.009078339184496884	525.0	0.9194883059032274	525.0	0.9599691087602521	525.0	1.427492061575386e-11	525.0	0.959969108774527	525.0	-1.3322676295501878e-15	525.0	0.0007559144927610231	525.0	0.0006770996767201388	525.0	0.038077048651714136	525.0	4.3936294444228675e-07	525.0	3.166875473164425e-06	525.0	5.145503394035116e-05	525.0	0.0009156777664265087	525.0	3.966732624243869e-11	525.0	-2.895132143935597e-24	525.0	9.573789178469407e-10
530.0	0.9179150780563017	530.0	0.012060930836324516	530.0	0.9299760088926262	530.0	0.9646761188606932	530.0	2.582666362400825e-11	530.0	0.9646761188865198	530.0	-3.6585181028735996e-31	530.0	0.0007707182425389376	530.0	0.0006629456768023627	530.0	0.032183838031074184	530.0	4.741239109079194e-07	530.0	4.152194510818917e-06	530.0	6.620684071871223e-05	530.0	0.001011773015369534	530.0	7.718071842850937e-11	530.0	5.169878828456423e-24	530.0	1.7659610218228494e-09
535.0	0.9228341849037835	535.0	0.015763511532822738	535.0	0.9385976964366063	535.0	0.9685289794139035	535.0	4.3537296905097965e-11	535.0	0.9685289794574408	535.0	3.33066907387546e-16	535.0	0.0007844291973520011	535.0	0.0006485772557243153	535.0	0.027303125950161204	535.0	5.05249883858092e-07	535.0	5.384514229224849e-06	535.0	8.418695151082667e-05	535.0	0.0011050706846648557	535.0	1.3971101685559695e-10	535.0	-4.1359030627651384e-25	535.0	3.0340594147345695e-09
540.0	0.924972058730926	540.0	0.020341813494343695	540.0	0.9453138722252697	540.0	0.9714807489184434	540.0	7.625298418057415e-11	540.0	0.9714807489946964	540.0	-4.440892098500626e-16	540.0	0.000800711843035325	540.0	0.0006341395523915592	540.0	0.023414083923684742	540.0	5.365277721938542e-07	540.0	6.846710860391792e-06	540.0	0.00010608183376422161	540.0	0.0012044706351930945	540.0	2.6311280698762223e-10	540.0	4.963083675318166e-24	540.0	5.403359793890627e-09
545.0	0.924466710854948	545.0	0.025555984051820673	545.0	0.9500226949067687	545.0	0.9733422541768076	545.0	1.309021187288751e-10	545.0	0.9733422543077097	545.0	-1.2212453270876722e-15	545.0	0.0008122500302573351	545.0	0.0006204716989709622	545.0	0.02044590072435688	545.0	5.434743579816804e-07	545.0	8.54383465478226e-06	545.0	0.00013050711013444486	545.0	0.0013013325702328463	545.0	4.838830983848026e-10	545.0	1.6543612251060553e-24	545.0	9.343191739666557e-09
550.0	0.9212666580387064	550.0	0.03189448782451156	550.0	0.953161145863218	550.0	0.9744441001724395	550.0	2.2081578375737135e-10	550.0	0.9744441003932554	550.0	1.1102230246254533e-16	550.0	0.0008267140892395876	550.0	0.0006073314714954323	550.0	0.018250209664796426	550.0	5.556820318478596e-07	550.0	1.0537208002086325e-05	550.0	0.00015995832801972567	550.0	0.0014276311236315902	550.0	8.755799532623405e-10	550.0	5.624828165360588e-23	550.0	1.5866424577992216e-08
555.0	0.916400723188396	555.0	0.03868567214180215	555.0	0.9550863953301982	555.0	0.9749824529924541	555.0	3.716806018455518e-10	555.0	0.9749824533641347	555.0	-1.1102230246246352e-16	555.0	0.0008375696895546381	555.0	0.0005955564475661809	555.0	0.016698934458948288	555.0	5.547394976926025e-07	555.0	1.2736621716606338e-05	555.0	0.00019084804337971098	555.0	0.0015598292141970683	555.0	1.5767127391974812e-09	555.0	5.293955920339377e-23	555.0	2.6870683190901286e-08
560.0	0.9097907698549119	560.0	0.04643390222499883	560.0	0.9562246720799108	560.0	0.9752689927414672	560.0	6.158169761045878e-10	560.0	0.9752689933572841	560.0	3.330669073874569e-16	560.0	0.0008522493873538073	560.0	0.000584342607914509	560.0	0.015637946333011386	560.0	5.508057027041671e-07	560.0	1.5274448728523072e-05	560.0	0.00022561362602677585	560.0	0.0017282958950594536	560.0	2.7884649407486384e-09	560.0	5.955700410381799e-23	560.0	4.4769294082407236e-08
565.0	0.9021188469305168	565.0	0.05504790390251924	565.0	0.957166750833036	565.0	0.9757583387469095	565.0	1.0101563213544978e-09	565.0	0.9757583397570658	565.0	-5.551115123131936e-16	565.0	0.0008673621549348753	565.0	0.0005733190393944929	565.0	0.014935868533520101	565.0	5.482097363972598e-07	565.0	1.815459661822003e-05	565.0	0.00026361867192266586	565.0	0.0019326377512109453	565.0	4.867073671337497e-09	565.0	-2.2499312661442353e-22	565.0	7.408946263292958e-08
570.0	0.8941975856925257	570.0	0.06367847341113719	570.0	0.9578760591036629	570.0	0.9762585468242386	570.0	1.6499807148208648e-09	570.0	0.9762585484742193	570.0	1.9984014443273667e-15	570.0	0.0008828813296139563	570.0	0.0005617183772836859	570.0	0.014471464043863921	570.0	5.230680318012625e-07	570.0	2.1108806912479866e-05	570.0	0.00030069089717978196	570.0	0.0021439695321970225	570.0	8.414224764517999e-09	570.0	-9.793818452627848e-22	570.0	1.2325126654141714e-07
575.0	0.8847266863129605	575.0	0.07342991245183693	575.0	0.9581565987647974	575.0	0.9765118505235842	575.0	2.72779232351303e-09	575.0	0.9765118532513766	575.0	-8.88178419696552e-16	575.0	0.0009012436398278297	575.0	0.0005484686858366598	575.0	0.014139142068226989	575.0	5.092362565858301e-07	575.0	2.45766155424265e-05	575.0	0.0003417252470026863	575.0	0.0023993640653596593	575.0	1.4731813656243905e-08	575.0	-1.0587911840678754e-21	575.0	2.0746892118550609e-07
580.0	0.8749181215523282	580.0	0.08281409100919125	580.0	0.9577322125615194	580.0	0.9760973252957117	580.0	4.3931465006753835e-09	580.0	0.9760973296888582	580.0	1.1102230244462465e-16	580.0	0.0009150741378207008	580.0	0.000533431155938511	580.0	0.013863820309017096	580.0	4.767612462047836e-07	580.0	2.8065940568390015e-05	580.0	0.0003796289677136069	580.0	0.002644250335594126	580.0	2.5005027249358582e-08	580.0	1.0587911840678754e-22	580.0	3.40121266361865e-07
585.0	0.863957342365624	585.0	0.09221898169031678	585.0	0.9561763240559409	585.0	0.9745452762291134	585.0	6.900114336320203e-09	585.0	0.9745452831292277	585.0	7.761640946863486e-26	585.0	0.0009300937559182785	585.0	0.0005165957122505205	585.0	0.013590444173804483	585.0	4.601555637688399e-07	585.0	3.1732609750584565e-05	585.0	0.0004163363659250663	585.0	0.0028827043264578237	585.0	4.142226946231203e-08	585.0	8.470329472543003e-22	585.0	5.436512324838353e-07
590.0	0.8509399132990969	590.0	0.10235394288877657	590.0	0.9532938561878734	590.0	0.9716405214920993	590.0	1.1007959335963282e-08	590.0	0.9716405325000587	590.0	-6.661338147750939e-16	590.0	0.0009395979377074205	590.0	0.0004984814091056811	590.0	0.013289129144546327	590.0	4.387372541226035e-07	590.0	3.605691756843506e-05	590.0	0.00045459377861048396	590.0	0.003127415423021081	590.0	6.954938364162531e-08	590.0	-1.7999450129153882e-21	590.0	8.824070294173874e-07
595.0	0.8386272427111303	595.0	0.11077963624086588	595.0	0.9494068789519962	595.0	0.9676162347954647	595.0	1.737324457048149e-08	595.0	0.9676162521687093	595.0	1.4432899313872263e-15	595.0	0.0009502769111894618	595.0	0.00048059172937908924	595.0	0.0129583393611042	595.0	4.031212780936206e-07	595.0	3.986980237821275e-05	595.0	0.00048345187381697253	595.0	0.003294880297589327	595.0	1.1483086882641712e-07	595.0	4.870439446712227e-21	595.0	1.4279158628575786e-06
600.0	0.8254269619495025	600.0	0.11942011474198387	600.0	0.9448470766914864	600.0	0.9628536133328995	600.0	2.6301570995901037e-08	600.0	0.9628536396344706	600.0	-1.332267629875203e-15	600.0	0.000959436178352051	600.0	0.00046360480603786216	600.0	0.012585744147621083	600.0	3.629232030029675e-07	600.0	4.415851953940838e-05	600.0	0.0005115696520382831	600.0	0.0034392612339075187	600.0	1.8197964878281225e-07	600.0	-5.929230630780102e-21	600.0	2.217201066561642e-06
605.0	0.8117458366785378	605.0	0.1284698090253819	605.0	0.9402156457039197	605.0	0.9579508912628846	605.0	4.006418701310607e-08	605.0	0.9579509313270715	605.0	1.1102230246251565e-16	605.0	0.000967938716028648	605.0	0.0004482659029565256	605.0	0.012171321158985782	605.0	3.4238780678371863e-07	605.0	4.868424419386263e-05	605.0	0.0005396886086665087	605.0	0.0035552528002481057	605.0	2.889694271187396e-07	605.0	9.740878893424454e-21	605.0	3.4627706514056107e-06
610.0	0.8006490913525389	610.0	0.1355192137613661	610.0	0.936168305113905	610.0	0.9534880063960792	610.0	5.841815844803598e-08	610.0	0.9534880648142376	610.0	-4.440892159668463e-16	610.0	0.0009767552531234481	610.0	0.00043543248944700026	610.0	0.01171471355874601	610.0	3.0371295357380386e-07	610.0	5.2912089724739185e-05	610.0	0.0005577118459697984	610.0	0.003576257628408337	610.0	4.397625238131647e-07	610.0	-1.8634724839594607e-20	610.0	5.174941278011199e-06
615.0	0.789900308437514	615.0	0.14296180271766531	615.0	0.9328621111551794	615.0	0.9496856561612458	615.0	8.41197211548952e-08	615.0	0.949685740280967	615.0	-4.440892053195923e-16	615.0	0.0009862488547691616	615.0	0.0004245553209737654	615.0	0.011203127010881277	615.0	2.8839895409697313e-07	615.0	5.7537910073879824e-05	615.0	0.0005757720641086094	615.0	0.0035677207021621773	615.0	6.59982985372346e-07	615.0	-6.437450399132683e-20	615.0	7.634761158666495e-06
620.0	0.7796410435010297	620.0	0.15077945496931267	620.0	0.9304204984703424	620.0	0.9466640036731347	620.0	1.1804697486498353e-07	620.0	0.9466641217201096	620.0	1.5543122606341586e-15	620.0	0.0009996289929173206	620.0	0.00041527998170801876	620.0	0.010631915304930926	620.0	2.5809414812009547e-07	620.0	6.253525286957434e-05	620.0	0.0005938861903023246	620.0	0.0035280622807365228	620.0	9.643887525000782e-07	620.0	2.202285662861181e-20	620.0	1.0974716425476724e-05
625.0	0.7724876478923739	625.0	0.15664709917634148	625.0	0.9291347470687153	625.0	0.9446428166505806	625.0	1.5895293834336976e-07	625.0	0.944642975603519	625.0	-2.220446049250313e-16	625.0	0.0010116044250043654	625.0	0.0004073065703165696	625.0	0.009995433050978945	625.0	2.2164134030772094e-07	625.0	6.692507814479569e-05	625.0	0.0006029633919448473	625.0	0.0034070388744769295	625.0	1.3638593760818037e-06	625.0	7.115076756936123e-20	625.0	1.5212690282603466e-05
630.0	0.765514566013443	630.0	0.1626888971486535	630.0	0.9282034631620966	630.0	0.9428953333807667	630.0	2.115579076954209e-07	630.0	0.9428955449386744	630.0	-1.1102222670039153e-16	630.0	0.0010269294361287865	630.0	0.00039967442549926504	630.0	0.00929899643370644	630.0	2.2865410237954663e-07	630.0	7.15303873959568e-05	630.0	0.0006115976539177879	630.0	0.0032601700881305074	630.0	1.907870606204819e-06	630.0	-1.6940658945086007e-20	630.0	2.0835269182755997e-05
635.0	0.7585881931417247	635.0	0.16886833905293136	635.0	0.927456532194656	635.0	0.9412625790293881	635.0	2.756055902760868e-07	635.0	0.9412628546349784	635.0	-2.220446049250313e-16	635.0	0.001042526010608236	635.0	0.0003919088945575558	635.0	0.008554149205235936	635.0	1.8880941490228522e-07	635.0	7.633534794227225e-05	635.0	0.0006197646289934448	635.0	0.0030906485343526868	635.0	2.604648491670388e-06	635.0	-1.5585406229479126e-19	635.0	2.7920755135552372e-05
640.0	0.753228284461875	640.0	0.17350013317911392	640.0	0.9267284176409889	640.0	0.9395580107469037	640.0	3.4571478626814664e-07	640.0	0.93955835646169	640.0	-8.881786860079795e-16	640.0	0.0010583034153700034	640.0	0.0003835827921985641	640.0	0.007771825027765514	640.0	1.929617954779275e-07	640.0	8.083824918094755e-05	640.0	0.0006217155444757036	640.0	0.0028736942687396932	640.0	3.4272330249258285e-06	640.0	4.743384504624082e-20	640.0	3.601361336477267e-05
645.0	0.7477288197092409	645.0	0.17773005964912283	645.0	0.9254588793583637	645.0	0.9372772297145379	645.0	4.339419549782538e-07	645.0	0.9372776636564928	645.0	-7.771554242836031e-16	645.0	0.0010734945304636675	645.0	0.00037445489903167693	645.0	0.00697408915781506	645.0	1.47614834432257e-07	645.0	8.500496345633257e-05	645.0	0.0006217024128369719	645.0	0.0026384812173075698	645.0	4.509736753401028e-06	645.0	-7.453889935837843e-20	645.0	4.646582367576963e-05
650.0	0.7418760425622231	650.0	0.1818462931080877	650.0	0.9237223356703108	650.0	0.9345279943343054	650.0	5.302372854375163e-07	650.0	0.9345285245715909	650.0	-6.66132937524786e-16	650.0	0.0010881193682844095	650.0	0.00036458359398964044	650.0	0.00618216500523392	650.0	1.504291329765145e-07	650.0	8.958261743541703e-05	650.0	0.0006210435795906181	650.0	0.0023959009506819276	650.0	5.772316111902148e-06	650.0	6.776263578034403e-20	650.0	5.834080353459168e-05
655.0	0.7358330109487035	655.0	0.18538600804205957	655.0	0.921219018990763	655.0	0.931022469658291	655.0	6.396522693827948e-07	655.0	0.9310231093105604	655.0	-5.551118771307701e-16	655.0	0.0011046016984843472	655.0	0.00035378804744304494	655.0	0.005409276093005358	655.0	1.528592499039272e-07	655.0	9.36821690846267e-05	655.0	0.0006183373240050247	655.0	0.0021444685611464605	655.0	7.274979098501541e-06	655.0	-3.6591823321385775e-19	655.0	7.186893601118743e-05
660.0	0.7294613631640688	660.0	0.18826686493879408	660.0	0.9177282281028629	660.0	0.9265588063924638	660.0	7.651107578598788e-07	660.0	0.9265595715032217	660.0	4.440883089048319e-16	660.0	0.0011171747739946128	660.0	0.00034324058729580007	660.0	0.004669498198281851	660.0	1.1546540833666205e-07	660.0	9.799605328397459e-05	660.0	0.0006150819948520293	660.0	0.0018911760210502686	660.0	9.089514732457592e-06	660.0	4.472333961502706e-19	660.0	8.720568070100484e-05
665.0	0.7226912168695003	665.0	0.190941252589806	665.0	0.9136324694593063	665.0	0.921560615467319	665.0	8.982444421008077e-07	665.0	0.9215615137117611	665.0	5.551115123125783e-16	665.0	0.0011315522905334132	665.0	0.00033614850600408757	665.0	0.003978700655766075	665.0	1.0479725525011596e-07	665.0	0.00010241857566970443	665.0	0.0006184071945824688	665.0	0.0016458396501545845	665.0	1.1137525761628766e-05	665.0	-1.8973538018496328e-19	665.0	0.00010383681228489043
670.0	0.7154742620591771	670.0	0.19338829605630284	670.0	0.9088625581154799	670.0	0.915956974321942	670.0	1.051254772134649e-06	670.0	0.9159580255767141	670.0	-1.221246645166803e-15	670.0	0.001144812676159103	670.0	0.0003283634665462321	670.0	0.003344138869651831	670.0	1.0640935314339756e-07	670.0	0.00010705197803654759	670.0	0.0006204022167281444	670.0	0.0014127205553967864	670.0	1.3590154700878725e-05	670.0	-1.6263032587282567e-19	670.0	0.00012322987989067894
675.0	0.7059253771909245	675.0	0.19742243827548778	675.0	0.9033478154664123	675.0	0.9096978440078278	675.0	1.2085617781954872e-06	675.0	0.909699052569606	675.0	-4.440923354764513e-16	675.0	0.0011571190323273286	675.0	0.0003199874865359583	675.0	0.0027673563743373197	675.0	1.0908467347627051e-07	675.0	0.00011269709241653338	675.0	0.0006269688231931334	675.0	0.0012058904991309113	675.0	1.627028761436085e-05	675.0	-1.0570971181733668e-18	675.0	0.00014362986118705043
680.0	0.6963450524168752	680.0	0.20143062965221983	680.0	0.897775682069095	680.0	0.9034631390790372	680.0	1.3967263138181402e-06	680.0	0.903464535805351	680.0	-1.11729229256677e-20	680.0	0.0011688292083268386	680.0	0.0003115514002104721	680.0	0.0022548699063467664	680.0	9.478442274598265e-08	680.0	0.00011860173140112689	680.0	0.0006325094581562801	680.0	0.0010131726753034186	680.0	1.957078035979883e-05	680.0	-1.3552527156068805e-19	680.0	0.00016825706541469428
685.0	0.6869851586036082	685.0	0.20540974559593395	685.0	0.8923949041995421	685.0	0.8974990402489714	685.0	1.5835468205835964e-06	685.0	0.897500623795792	685.0	-7.771561172376096e-16	685.0	0.001180135398616406	685.0	0.0003034507186649891	685.0	0.0018057464505078372	685.0	5.753956689482174e-08	685.0	0.0001249948981320356	685.0	0.0006369566873676169	685.0	0.0008363439576789506	685.0	2.312055343575001e-05	685.0	2.168404344971009e-19	685.0	0.00019332984545961378
690.0	0.6759500492863993	690.0	0.2113295599302132	690.0	0.8872796092166125	690.0	0.8918955990583901	690.0	1.8101916018845122e-06	690.0	0.891897409249992	690.0	2.2204972276321787e-16	690.0	0.001193754761857988	690.0	0.0002957276034716752	690.0	0.0014147386789802878	690.0	5.96548609934165e-08	690.0	0.00013219036344615736	690.0	0.000646535374152663	690.0	0.0006815146360040069	690.0	2.74411041453372e-05	690.0	1.3010426069826053e-18	690.0	0.0002240276648583724
695.0	0.6585587166640384	695.0	0.22348097460364524	695.0	0.8820396912676837	695.0	0.8862802764956412	695.0	2.1230633514483004e-06	695.0	0.8862823995589927	695.0	-4.440953518136334e-16	695.0	0.0012047008935838885	695.0	0.0002880514768903799	695.0	0.0010751516099701173	695.0	6.349852917213223e-08	695.0	0.00014366799506616563	695.0	0.000674034537980074	695.0	0.0005549565783040081	695.0	3.330137810341891e-05	695.0	1.7889335846010823e-18	695.0	0.00026665725953072374
700.0	0.641396258070265	700.0	0.23633666743915782	700.0	0.8777329255094228	700.0	0.881664627242556	700.0	2.461967172636446e-06	700.0	0.8816670892097287	700.0	-3.3312519947625526e-16	700.0	0.0012184866145337463	700.0	0.00028138535376723224	700.0	0.0007859310935963773	700.0	6.743736756903864e-08	700.0	0.00015516534400543264	700.0	0.000702460819490153	700.0	0.00043446110971201527	700.0	3.996769435557166e-05	700.0	-1.5178830414797062e-18	700.0	0.00031377626630530337
705.0	0.6242544792178448	705.0	0.24992025369440235	705.0	0.8741747329122471	705.0	0.8778534749690764	705.0	2.804277284040787e-06	705.0	0.8778562792463604	705.0	6.661168374734935e-16	705.0	0.0012327094434259522	705.0	0.000275630079631391	705.0	0.0005405128079461244	705.0	7.13791100308911e-08	705.0	0.00016738478346771466	705.0	0.0007330887526161839	705.0	0.00031954448709189145	705.0	4.718900967853838e-05	705.0	-7.589415207398531e-19	705.0	0.0003626113138608266
710.0	0.6019829398408976	710.0	0.2691405790805735	710.0	0.871123518921471	710.0	0.8746440992025882	710.0	3.305227433820849e-06	710.0	0.8746474044300221	710.0	6.138525250171366e-20	710.0	0.0012470750206306153	710.0	0.00027035393296710725	710.0	0.0003338555456602053	710.0	7.679890862233462e-08	710.0	0.00018356260844263743	710.0	0.0007797650119827275	710.0	0.00021477717848442774	710.0	5.756274373585627e-05	710.0	1.5720931501039814e-18	710.0	0.0004335514403050134
715.0	0.5664330162202195	715.0	0.3018910856713968	715.0	0.8683241018916162	715.0	0.8718067602271095	715.0	3.983390581850007e-06	715.0	0.8718107436176913	715.0	3.329408414108187e-16	715.0	0.0012614093199996939	715.0	0.0002651309344587772	715.0	0.00016158918319326504	715.0	8.57651015175546e-08	715.0	0.0002089720987772636	715.0	0.0008659186876495941	715.0	0.00011768475887579819	715.0	7.190098856897382e-05	715.0	8.673617379884035e-19	715.0	0.0005299665988680623
720.0	0.527750640752048	720.0	0.3383029972883819	720.0	0.86605363804043	720.0	0.8695708482165259	720.0	4.821102398006514e-06	720.0	0.8695756693189238	720.0	-3.3306690738754696e-16	720.0	0.0012786624765866532	720.0	0.0002605513565380093	720.0	2.024507489861535e-05	720.0	9.552418543936433e-08	720.0	0.00023747405146344643	720.0	0.0009629297328805431	720.0	1.6637104034544068e-05	720.0	9.013058060042901e-05	720.0	-8.673617379884035e-19	720.0	0.000650484274908415
725.0	0.48533699495696647	725.0	0.3784882672680322	725.0	0.8638252622249987	725.0	0.8676290901800445	725.0	5.836909887509224e-06	725.0	0.8676349270899321	725.0	-6.662882193439008e-16	725.0	0.0012940036064353992	725.0	0.0002562837411026411	725.0	2.2212180720943474e-16	725.0	1.0611621449953833e-07	725.0	0.00026966852166110725	725.0	0.0010723290820082955	725.0	1.6715107196900105e-16	725.0	0.00011287634225253532	725.0	8.673617379884035e-19	725.0	0.0007985605453716277
730.0	0.4387640269793215	730.0	0.423268318466254	730.0	0.8620323454455755	730.0	0.8662165524541705	730.0	7.035259912548203e-06	730.0	0.866223587714083	730.0	-0.0	730.0	0.0013121474343000927	730.0	0.0002524619332456476	730.0	-1.1140277263623296e-16	730.0	1.1779840757023841e-07	730.0	0.00030707012521496074	730.0	0.0011971525402489466	730.0	-5.707052605759531e-19	730.0	0.0001405378203212378	730.0	1.0842021724855044e-17	730.0	0.0009747193568566961
735.0	0.38706732220300977	735.0	0.4756742875427216	735.0	0.8627416097457314	735.0	0.8673574372155093	735.0	8.350934659475692e-06	735.0	0.8673657881501687	735.0	-8.884097592793637e-16	735.0	0.001331017794318995	735.0	0.0002507642645154218	735.0	-1.1102230246251565e-16	735.0	1.3162956242120997e-07	735.0	0.0003518344369340965	735.0	0.0013462939091760566	735.0	-1.114849816209926e-16	735.0	0.00017252309306390625	735.0	-3.0357660829594124e-18	735.0	0.0011632623422081555
740.0	0.3301538600117263	740.0	0.534556807516909	740.0	0.8647106675286353	740.0	0.8698545929202633	740.0	1.0040637293543445e-05	740.0	0.8698646335575569	740.0	-0.0	740.0	0.0013509648230133225	740.0	0.00025044538971374664	740.0	-6.664187433618766e-16	740.0	1.270685773254165e-07	740.0	0.00040565090493504646	740.0	0.0015167969199326502	740.0	-1.1045244528895023e-16	740.0	0.00021392064037000766	740.0	-1.431146867680866e-17	740.0	0.0014060196450868992
745.0	0.2672782317987079	745.0	0.6016106783722324	745.0	0.8688889101709403	745.0	0.8746378797941186	745.0	1.1928121421206731e-05	745.0	0.8746498079155398	745.0	-3.316803192065146e-16	745.0	0.0013724714334662036	745.0	0.00025262036141470736	745.0	3.3410684852332126e-16	745.0	2.2065801674399895e-16	745.0	0.00046971310094255897	745.0	0.0017129002168861304	745.0	-2.2135131083451512e-16	745.0	0.00026232543650475085	745.0	1.1058862159352145e-17	745.0	0.001678939073963996
750.0	0.19723699867680888	750.0	0.6791446706751679	750.0	0.8763816693519768	750.0	0.882831836481448	750.0	1.4031987273005663e-05	750.0	0.882845868468721	750.0	8.350510060517229e-19	750.0	0.0013985239789174274	750.0	0.00025915823059484834	750.0	3.313968053754435e-16	750.0	-8.350510060517229e-19	750.0	0.0005489389138150293	750.0	0.0019392318381415577	750.0	-1.1436250648672255e-16	750.0	0.00031931224255922345	750.0	-1.3877787807814457e-17	750.0	0.0019850019254430192
755.0	0.15450237699910402	755.0	0.7341404302555976	755.0	0.8886428072547017	755.0	0.8956840267823428	755.0	1.584376685235571e-05	755.0	0.8956998705491952	755.0	-1.1005717633029799e-16	755.0	0.0014241671600181932	755.0	0.00027266729509141564	755.0	2.2107947879281363e-16	755.0	-1.0812692406586265e-16	755.0	0.0006170170075137005	755.0	0.0021014502289141554	755.0	-3.3306690738754696e-16	755.0	0.0003736192364428468	755.0	-5.204170427930421e-18	755.0	0.002252298599661262
760.0	0.12250081230179219	760.0	0.7806706158026919	760.0	0.9031714281044841	760.0	0.9107256410676953	760.0	1.7283023354594473e-05	760.0	0.9107429240910498	760.0	2.231220949267568e-16	760.0	0.0014528443585834793	760.0	0.00029179102949614214	760.0	1.131772824659666e-16	760.0	-0.0	760.0	0.0006830992751402915	760.0	0.002233788925909974	760.0	2.2743205493365873e-16	760.0	0.00042403255136906566	760.0	1.951563910473908e-17	760.0	0.0024686568227116927
765.0	0.08767059139235067	765.0	0.8279582459789976	765.0	0.9156288373713483	765.0	0.9236800135106602	765.0	1.859015489998842e-05	765.0	0.9236986036655602	765.0	-1.448033621963552e-15	765.0	0.001480987930066689	765.0	0.00031313624112245706	765.0	3.295091399244106e-16	765.0	-2.1848683746189497e-16	765.0	0.0007553031825167382	765.0	0.0023597390350648694	765.0	-2.2560237238816765e-16	765.0	0.00047425452957661364	765.0	-3.5128150388530344e-17	765.0	0.002667755220966322
770.0	0.05009743194807844	770.0	0.8719116724873982	770.0	0.9220091044354767	770.0	0.9306144011511643	770.0	2.0283432174359293e-05	770.0	0.9306346845833386	770.0	-5.551115123125783e-16	770.0	0.0015081676498481498	770.0	0.00033386373632486203	770.0	-0.0	770.0	-2.1939709434873397e-16	770.0	0.0008280396997018901	770.0	0.00247345941951268	770.0	-5.295021152594674e-18	770.0	0.0005377779580618305	770.0	3.903127820947816e-18	770.0	0.0029239882522390363
775.0	0.011274692437102963	775.0	0.9072625916733366	775.0	0.9185372841104396	775.0	0.9276679034229476	775.0	2.2049613913198654e-05	775.0	0.9276899530368607	775.0	-2.9439229139942797e-18	775.0	0.0015328953149512283	775.0	0.000349559627542852	775.0	2.279324507530199e-16	775.0	-2.220446049250313e-16	775.0	0.000895624974175904	775.0	0.002553177146801786	775.0	-0.0	775.0	0.0006062104997452016	775.0	4.85722573273506e-17	775.0	0.0031931517492909565
780.0	0.008837000752541867	780.0	0.8958004588791308	780.0	0.9046374596316727	780.0	0.9138482402228448	780.0	2.2326219689022876e-05	780.0	0.9138705664425338	780.0	1.0643842274493025e-16	780.0	0.001552325666937183	780.0	0.0003511468882420521	780.0	2.251005247367549e-16	780.0	-4.48673089567648e-16	780.0	0.0009151944191017911	780.0	0.002487369072452955	780.0	4.471451296617862e-16	780.0	0.000633880805838042	780.0	0.0	780.0	0.003270863738599691
785.0	0.00643158584139169	785.0	0.8757619230262679	785.0	0.8821935088676596	785.0	0.8914629123525407	785.0	2.277572813249847e-05	785.0	0.8914856880806732	785.0	3.3466443343530405e-16	785.0	0.001567876299432879	785.0	0.00034320527202060826	785.0	2.268371830683026e-16	785.0	-1.1102230246251565e-16	785.0	0.0009228799648632441	785.0	0.002394358808977596	785.0	-4.440892098500626e-16	785.0	0.0006659276544412041	785.0	3.642919299551295e-17	785.0	0.0033751554851456866
790.0	0.004127027626928277	790.0	0.8524406676068645	790.0	0.8565676952337928	790.0	0.8657397589882906	790.0	2.2552043069691094e-05	790.0	0.8657623110313603	790.0	5.615953411228259e-16	790.0	0.0015837451110881273	790.0	0.00032635676917419973	790.0	3.3468786459010887e-16	790.0	4.489520814577483e-16	790.0	0.0009184935757822812	790.0	0.0022854480045821426	790.0	2.2690747653271703e-16	790.0	0.0006779309463644039	790.0	-1.951563910473908e-17	790.0	0.003380089347504996
795.0	0.0019683178060946023	795.0	0.8258065292339576	795.0	0.8277748470400522	795.0	0.8370011334746355	795.0	2.3202617927060746e-05	795.0	0.8370243360925625	795.0	-1.2212453270876722e-15	795.0	0.0016031614996650817	795.0	0.000304842916523125	795.0	6.834380595131579e-18	795.0	1.1102230246251565e-16	795.0	0.0009109330319084052	795.0	0.002173845392639993	795.0	1.1443949276008143e-16	795.0	0.0007167049988527711	795.0	1.8214596497756474e-17	795.0	0.0035167985949950465
800.0	-5.1552258428329305e-18	800.0	0.8042981032368451	800.0	0.8042981032368451	800.0	0.8133765672605404	800.0	2.2782415861655804e-05	800.0	0.813399349676402	800.0	4.354971667786744e-16	800.0	0.0016218688397216581	800.0	0.0002793805043924097	800.0	-0.0	800.0	4.354971667786744e-16	800.0	0.0008959087816944657	800.0	0.0020639531249443516	800.0	-2.220446049250313e-16	800.0	0.0007257336841265719	800.0	2.3418766925686896e-17	800.0	0.0034916190888150105
805.0	2.149840029008642e-16	805.0	0.7853955825510195	805.0	0.7853955825510197	805.0	0.7944482943151818	805.0	2.285322500770013e-05	805.0	0.7944711475401895	805.0	-5.295451518125338e-18	805.0	0.0016449268236598512	805.0	0.0002570892224156691	805.0	1.1102230246251565e-16	805.0	2.220446049250313e-16	805.0	0.0008845006466718583	805.0	0.0019730136530108854	805.0	2.1851430391294774e-16	805.0	0.0007520634281152094	805.0	3.0357660829594124e-17	805.0	0.003541117990288244
810.0	1.1102230246251565e-16	810.0	0.7722870442055184	810.0	0.7722870442055185	810.0	0.7813273809449689	810.0	2.2852004815176467e-05	810.0	0.7813502329497841	810.0	-1.1282937977169376e-16	810.0	0.001672458561856081	810.0	0.00023619051600339607	810.0	3.3125983007836886e-16	810.0	1.0921522515333756e-16	810.0	0.0008725913028731082	810.0	0.0018953142963862306	810.0	2.256587595433875e-16	810.0	0.0007841932912047937	810.0	-1.2576745200831851e-17	810.0	0.0035795887711264785
815.0	2.238883214260852e-16	815.0	0.765349525399091	815.0	0.7653495253990912	815.0	0.7743884530666989	815.0	2.2777790923164723e-05	815.0	0.7744112308576221	815.0	-1.1102230246251565e-16	815.0	0.001701762187826522	815.0	0.00021915099919297281	815.0	2.220446049250313e-16	815.0	3.3306690738754696e-16	815.0	0.0008666331727390506	815.0	0.0018385049216825856	815.0	-3.3306690738754696e-16	815.0	0.0008063649089570654	815.0	1.3010426069826053e-17	815.0	0.0036065114772092627
820.0	-2.220446049250313e-16	820.0	0.7630116879956599	820.0	0.7630116879956597	820.0	0.7721882284933603	820.0	2.3241570178430166e-05	820.0	0.7722114700635387	820.0	1.0717176495252184e-16	820.0	0.0017312813048443346	820.0	0.00020577244718909487	820.0	1.1102230246251565e-16	820.0	-2.220446049250313e-16	820.0	0.000863446196922595	820.0	0.0017973853930335257	820.0	-2.220446049250313e-16	820.0	0.0008593667605887041	820.0	9.974659986866641e-18	820.0	0.003719288395122657
825.0	-3.3306690738754696e-16	825.0	0.7700181369667203	825.0	0.77001813696672	825.0	0.7791060161170463	825.0	2.2406712815035573e-05	825.0	0.7791284228298614	825.0	-1.4432899320127035e-15	825.0	0.00175806466086787	825.0	0.00019796382392138018	825.0	2.1444795841391738e-16	825.0	-3.798323255556958e-18	825.0	0.0008615352259718302	825.0	0.0017795630540675055	825.0	-0.0	825.0	0.0008671226977373565	825.0	1.474514954580286e-17	825.0	0.0036236296877618602
830.0	1.1489209263085343e-16	830.0	0.7742645693532009	830.0	0.774264569353201	830.0	0.7834542949010322	830.0	2.2357972329350495e-05	830.0	0.7834766528733615	830.0	-5.589813024809161e-16	830.0	0.001790289825433377	830.0	0.00019256832260833385	830.0	2.259143950933691e-16	830.0	-1.1489209263085343e-16	830.0	0.000866671163985005	830.0	0.0017682876916999576	830.0	1.0328272212584007e-16	830.0	0.0009009520920061733	830.0	-2.168404344971009e-17	830.0	0.0036709564520987226
835.0	2.1798269298040416e-16	835.0	0.7815978293803897	835.0	0.7815978293803899	835.0	0.7910599165692438	835.0	2.3008941689951407e-05	835.0	0.7910829255109337	835.0	-3.371288193321741e-16	835.0	0.00182078045259318	835.0	0.00019106839539794482	835.0	1.150842144071428e-16	835.0	-2.301684288142856e-16	835.0	0.0008726719981068017	835.0	0.0017686610265492068	835.0	-3.3306690738754696e-16	835.0	0.0009654984581212455	835.0	2.5587171270657905e-17	835.0	0.003843406858086197
840.0	-3.3722135246988577e-16	840.0	0.7888848169315723	840.0	0.788884816931572	840.0	0.7985056639537665	840.0	2.3076376100059984e-05	840.0	0.7985287403298666	840.0	3.3306690738754696e-16	840.0	0.0018493854290943564	840.0	0.00019090339494596517	840.0	-3.4968468771690222e-16	840.0	3.2891246230520816e-16	840.0	0.0008811023664977168	840.0	0.0017738492547275928	840.0	1.0271341229783801e-16	840.0	0.0010047592835736763	840.0	-4.2500725161431774e-17	840.0	0.0039208472933551005
845.0	4.435840949634691e-18	845.0	0.7950408907006916	845.0	0.7950408907006916	845.0	0.8050545580810867	845.0	2.4164920589465682e-05	845.0	0.8050787230016762	845.0	-7.771561172376096e-16	845.0	0.0018790327688883771	845.0	0.00019321801393708629	845.0	1.1102230246251565e-16	845.0	2.3978796872357007e-16	845.0	0.000890085551968943	845.0	0.0017857707364798997	845.0	-1.0215062056324627e-16	845.0	0.00109003120289986	845.0	3.642919299551295e-17	845.0	0.004175529106221527
850.0	-3.5170609378386645e-16	850.0	0.800181922469523	850.0	0.8001819224695227	850.0	0.8105224712627963	850.0	2.4899845138802217e-05	850.0	0.8105473711079351	850.0	-1.1102230246251565e-15	850.0	0.0019073207792996466	850.0	0.00019636774315560894	850.0	1.1568209906159553e-16	850.0	1.1568209906159553e-16	850.0	0.0008999791274612012	850.0	0.001802742439358161	850.0	-9.319593198159751e-18	850.0	0.0011593275498954481	850.0	-3.5561831257524545e-17	850.0	0.004374811154104506
855.0	-1.2076867351188552e-16	855.0	0.8021915453065376	855.0	0.8021915453065375	855.0	0.8128501225002478	855.0	2.5546268536540822e-05	855.0	0.8128756687687844	855.0	-6.61260629250409e-16	855.0	0.001934599987858732	855.0	0.00019855070317054396	855.0	1.9492742098739734e-17	855.0	-3.4768646396160176e-16	855.0	0.0009105819615531421	855.0	0.0018188240837801336	855.0	-2.1717141940034637e-16	855.0	0.0012330170361790006	855.0	-4.336808689942018e-18	855.0	0.004563003421170003
860.0	-5.118385255914765e-18	860.0	0.800630597091634	860.0	0.800630597091634	860.0	0.8116370130123034	860.0	2.632667564050597e-05	860.0	0.8116633396879439	860.0	-1.2125907297434518e-16	860.0	0.0019667202907904793	860.0	0.00019939284707527058	860.0	-2.220446049250313e-16	860.0	-1.1102230246251565e-16	860.0	0.000924005703476341	860.0	0.001834424467656229	860.0	-2.1180783441320178e-16	860.0	0.0013021187322214691	860.0	-1.1275702593849246e-17	860.0	0.004779753879450358
865.0	1.0572110374885568e-16	865.0	0.7970189666368475	865.0	0.7970189666368476	865.0	0.808292729899706	865.0	2.675768128913428e-05	865.0	0.8083194875809951	865.0	9.511870632153574e-17	865.0	0.0019982163940681094	865.0	0.00019764495865747656	865.0	-1.1102230246251565e-16	865.0	1.1632350117617563e-16	865.0	0.0009403625829883186	865.0	0.0018478093935689545	865.0	-1.0572110374885568e-16	865.0	0.0013526395973830195	865.0	-5.724587470723463e-17	865.0	0.00493709033619257
870.0	-1.0013605688526444e-16	870.0	0.7928171998881246	870.0	0.7928171998881245	870.0	0.8043120684710607	870.0	2.6964715113344776e-05	870.0	0.8043390331861741	870.0	8.718490513342484e-16	870.0	0.0020342078021728994	870.0	0.0001936519865823123	870.0	3.493962757534238e-16	870.0	1.0013605688526444e-16	870.0	0.0009620061556458792	870.0	0.0018576018330222336	870.0	5.443122788625608e-18	870.0	0.0013919517279579732	870.0	1.9081958235744878e-17	870.0	0.005055449077553604
875.0	9.962926410838104e-17	875.0	0.787647913592505	875.0	0.7876479135925051	875.0	0.7995121787122049	875.0	2.7700762218630293e-05	875.0	0.7995398794744235	875.0	-2.3343764327916594e-16	875.0	0.0020771371092317054	875.0	0.00018955374195513767	875.0	-4.554822482041972e-16	875.0	-6.718303339521612e-16	875.0	0.0009902094350927213	875.0	0.0018703800444415792	875.0	-2.2786076708269228e-17	875.0	0.0014607217003198827	875.0	8.933825901280557e-17	875.0	0.0052762630886601155
880.0	-4.440892098500626e-16	880.0	0.7812063699906853	880.0	0.7812063699906848	880.0	0.7935037279366355	880.0	2.860595975947872e-05	880.0	0.793532333896395	880.0	5.992107483397995e-18	880.0	0.0021253905347520274	880.0	0.00018434309545080628	880.0	1.1701440994591365e-16	880.0	-1.198421496679599e-17	880.0	0.0010234701908944058	880.0	0.0018885454723616426	880.0	1.7976322450193986e-17	880.0	0.0015409245727740586	880.0	-2.862293735361732e-17	880.0	0.00553468407971772
885.0	2.3943632696270614e-17	885.0	0.7827060195739473	885.0	0.7827060195739473	885.0	0.7950861590077736	885.0	2.8058294686920392e-05	885.0	0.7951142173024605	885.0	-2.220446049250313e-16	885.0	0.002163733739854184	885.0	0.00017751726252605762	885.0	1.1102230246251565e-16	885.0	-1.1971816348135307e-17	885.0	0.001064775929126714	885.0	0.0019012146927242391	885.0	2.0408688040282834e-16	885.0	0.0015593496616776348	885.0	6.418476861114186e-17	885.0	0.0055135481479172506
890.0	-2.5213024187180645e-17	890.0	0.7813137121844984	890.0	0.7813137121844984	890.0	0.7942249632269173	890.0	2.9141864482316425e-05	890.0	0.7942541050913996	890.0	-2.5213024187180645e-17	890.0	0.0022235936638338137	890.0	0.00017409294058668147	890.0	-5.362017441721928e-16	890.0	6.303256046795161e-18	890.0	0.0011095591473452052	890.0	0.0019233195180577167	890.0	3.3306690738754696e-16	890.0	0.001653579859838392	890.0	1.734723475976807e-18	890.0	0.005827105912757408
895.0	-6.7967140539175046e-18	895.0	0.7768537157044934	895.0	0.7768537157044934	895.0	0.7905568736920329	895.0	3.101474103861317e-05	895.0	0.7905878884330715	895.0	-5.551115123125783e-16	895.0	0.0022946287662337066	895.0	0.0001710359443256838	895.0	-3.3306690738754696e-16	895.0	-0.0	895.0	0.0011699724872573911	895.0	0.0019594067513994014	895.0	-2.220446049250313e-16	895.0	0.0017973708392339952	895.0	8.066464163292153e-17	895.0	0.006310743199090451
900.0	3.4714887850441003e-16	900.0	0.7806388213708041	900.0	0.7806388213708044	900.0	0.7948605963231115	900.0	3.1714142578704744e-05	900.0	0.7948923104656902	900.0	2.4316756160032594e-16	900.0	0.0023602144799368596	900.0	0.000168512609616161	900.0	2.220446049250313e-16	900.0	1.3214525913781026e-16	900.0	0.0012385610089695619	900.0	0.0019943245315312526	900.0	-8.285836022878951e-17	900.0	0.0018952197052074494	900.0	1.3097162243624894e-16	900.0	0.006564942617045145
905.0	2.220446049250313e-16	905.0	0.7868081894569143	905.0	0.7868081894569146	905.0	0.8015621407329795	905.0	3.2439199880070935e-05	905.0	0.8015945799328595	905.0	4.586806120369381e-16	905.0	0.00242282795541223	905.0	0.00016845403158363494	905.0	3.3306690738754696e-16	905.0	-5.551115123125783e-16	905.0	0.0013127649360379545	905.0	0.0020325975327569663	905.0	-1.2561370464939117e-16	905.0	0.0019875421171458305	905.0	9.540979117872439e-18	905.0	0.00682976470312821
910.0	1.2653056100449947e-16	910.0	0.7907763663539437	910.0	0.7907763663539438	910.0	0.8063352465646202	910.0	3.403710218715336e-05	910.0	0.8063692836668074	910.0	-1.9102808784106369e-16	910.0	0.0024720383822387387	910.0	0.0001713945048785486	910.0	2.5306112200899893e-16	910.0	-3.485751659295308e-16	910.0	0.0014036524921526312	910.0	0.0020852117545274084	910.0	2.5306112200899893e-16	910.0	0.0021397146216905255	910.0	5.0306980803327406e-17	910.0	0.007286868455188542
915.0	-5.551115123125783e-16	915.0	0.7986832314372078	915.0	0.7986832314372072	915.0	0.8150249174960993	915.0	3.5302847323127076e-05	915.0	0.8150602203434224	915.0	3.1677502588248686e-16	915.0	0.002538463153637364	915.0	0.0001771637871853614	915.0	1.4360606547263585e-16	915.0	-3.2583763010120206e-17	915.0	0.001506176920051244	915.0	0.0021406041356878867	915.0	-1.2731418396757575e-16	915.0	0.0022959592930010095	915.0	-1.3791051634015616e-16	915.0	0.007683318769329166
920.0	-3.3306690738754696e-16	920.0	0.8115131899915593	920.0	0.811513189991559	920.0	0.8283753801562805	920.0	3.5765072886904886e-05	920.0	0.8284111452291675	920.0	-2.5547715594781345e-16	920.0	0.0025857790379278473	920.0	0.0001854023966017429	920.0	7.758975143973351e-17	920.0	-3.3306690738754696e-16	920.0	0.001604617264528387	920.0	0.0021862663557861545	920.0	9.430602695112458e-17	920.0	0.0023887891626626135	920.0	6.071532165918825e-17	920.0	0.007911335947215353
925.0	-3.490488028323316e-17	925.0	0.8201065233251366	925.0	0.8201065233251366	925.0	0.8377196725203773	925.0	3.6871318311422197e-05	925.0	0.8377565438386887	925.0	7.59703677095993e-16	925.0	0.0026350777781279197	925.0	0.0001964774423204559	925.0	-3.5051934752916354e-16	925.0	-7.61174221792825e-17	925.0	0.0017101414623158571	925.0	0.0022397888182939534	925.0	1.633796228873654e-16	925.0	0.0025439547299760845	925.0	3.2959746043559335e-17	925.0	0.00828770896420608
930.0	-4.065654690419093e-16	930.0	0.8207368941641195	930.0	0.8207368941641191	930.0	0.8395027002781813	930.0	3.91429027358239e-05	930.0	0.8395418431809172	930.0	-1.657589937128013e-16	930.0	0.0026951835735697233	930.0	0.00021187887526649143	930.0	4.440892098500626e-16	930.0	-3.705906481957003e-16	930.0	0.0018397411772203389	930.0	0.0023111197089812833	930.0	1.8452086411687799e-16	930.0	0.0027694769921771303	930.0	3.122502256758253e-17	930.0	0.008938405786846926
935.0	7.985381051787922e-17	935.0	0.8214852679282136	935.0	0.8214852679282137	935.0	0.8413501914309911	935.0	4.113278148601401e-05	935.0	0.8413913242124771	935.0	-9.992007221626409e-16	935.0	0.0027404347910814004	935.0	0.00023158837709542988	935.0	2.020811522955615e-16	935.0	3.7299381264648657e-16	935.0	0.0019792214651720447	935.0	0.002372975576601497	935.0	-5.950384175715179e-16	935.0	0.0030003401822865042	935.0	-6.591949208711867e-17	935.0	0.009540363110541555
940.0	4.143932475079437e-17	940.0	0.8237047652707615	940.0	0.8237047652707615	940.0	0.8442828736877888	940.0	4.216396440018817e-05	940.0	0.8443250376521889	940.0	-6.454141523996967e-16	940.0	0.0027569341599736766	940.0	0.00025129518757327143	940.0	3.3306690738754696e-16	940.0	4.929525251863867e-16	940.0	0.0020878885743264965	940.0	0.0024090793204975705	940.0	3.3306690738754696e-16	940.0	0.00314177342228283	940.0	-1.214306433183765e-17	940.0	0.009931137752372733
945.0	-6.882785759285244e-16	945.0	0.8117168160703406	945.0	0.81171681607034	945.0	0.8335137175235681	945.0	4.451092193711348e-05	945.0	0.8335582284455052	945.0	4.219444486966322e-16	945.0	0.0027899607380000467	945.0	0.00027461695358220646	945.0	-0.0	945.0	-1.7745658592280695e-16	945.0	0.0022198266401201048	945.0	0.0024647631896091964	945.0	-1.3346556031130957e-16	945.0	0.00340340860694495	945.0	1.3877787807814457e-17	945.0	0.01064432532497129
950.0	8.71425519168846e-17	950.0	0.7885491797342219	950.0	0.788549179734222	950.0	0.8117455492164546	950.0	4.7412446775778624e-05	950.0	0.8117929616632303	950.0	-7.163925163689314e-17	950.0	0.002822063088061851	950.0	0.0003019036657195051	950.0	-1.5878180355377776e-16	950.0	4.047061590244401e-16	950.0	0.002360412236995265	950.0	0.0025146997140808075	950.0	8.71425519168846e-17	950.0	0.0036878734552416035	950.0	-2.0122792321330962e-16	950.0	0.01150941732213335
955.0	3.0737068604751536e-16	955.0	0.7556378891063169	955.0	0.7556378891063172	955.0	0.7802527822914307	955.0	5.039826054714254e-05	955.0	0.7803031805519778	955.0	8.028523385776412e-16	955.0	0.0028481111225588723	955.0	0.0003295937243251103	955.0	-5.962985978245242e-17	955.0	-4.440892098500626e-16	955.0	0.002483768016031682	955.0	0.002548204488672315	955.0	-0.0	955.0	0.004001499790635396	955.0	6.938893903907228e-17	955.0	0.012403716042889859
960.0	-3.0484570943141962e-16	960.0	0.7128884532787974	960.0	0.712888453278797	960.0	0.7388804423371788	960.0	5.347334817465017e-05	960.0	0.7389339156853534	960.0	5.551115123125783e-16	960.0	0.0028767891709367836	960.0	0.0003554535774593911	960.0	3.0422487964408834e-16	960.0	3.0546653921875086e-16	960.0	0.002589214556251991	960.0	0.002569211276713017	960.0	-6.661338147750939e-16	960.0	0.004299628104359544	960.0	1.6306400674181987e-16	960.0	0.013301692372660469
965.0	-1.1102230246251565e-16	965.0	0.6604298133215215	965.0	0.6604298133215214	965.0	0.687829665961147	965.0	5.664259099256763e-05	965.0	0.6878863085521396	965.0	-1.058390203515994e-15	965.0	0.002908475128938055	965.0	0.00037848678042769467	965.0	-2.2940126516922206e-16	965.0	2.2940126516922206e-16	965.0	0.0026673387403000925	965.0	0.002572376429796531	965.0	-0.0	965.0	0.00463335753496227	965.0	-6.591949208711867e-17	965.0	0.014239818025201937
970.0	-6.335729974742782e-17	970.0	0.5985706637544381	970.0	0.598570663754438	970.0	0.6273631023444294	970.0	5.990055469987273e-05	970.0	0.6274230028991292	970.0	-1.014893019194981e-15	970.0	0.002946738020389863	970.0	0.00039727768500832884	970.0	4.597815068824026e-16	970.0	5.551115123125783e-16	970.0	0.0027035838531621345	970.0	0.0025463092877771967	970.0	1.7437960220994347e-16	970.0	0.004981032545870873	970.0	-5.204170427930421e-17	970.0	0.015217497197782561
975.0	4.440892098500626e-16	975.0	0.5297860851573024	975.0	0.5297860851573029	975.0	0.5600077335700292	975.0	6.326962238523933e-05	975.0	0.5600710031924144	975.0	1.5787546552782482e-15	975.0	0.0030031031985233592	975.0	0.00040967430474884027	975.0	-4.873791506798059e-16	975.0	6.773236163277232e-17	975.0	0.0027070128826303945	975.0	0.0025062208825418026	975.0	-8.881784197001252e-16	975.0	0.0053544182456124086	975.0	-1.2836953722228372e-16	975.0	0.01624121889866948
980.0	5.501150720710851e-16	980.0	0.4570399218318516	980.0	0.45703992183185216	980.0	0.4887662330691916	980.0	6.677711551599851e-05	980.0	0.4888330101847076	980.0	-1.1102230246251565e-16	980.0	0.0030895225980482137	980.0	0.00041615976632214955	980.0	-3.367647399317649e-17	980.0	2.1704816468353822e-16	980.0	0.0026900986085362697	980.0	0.002475811701822473	980.0	2.220446049250313e-16	980.0	0.005735726159509774	980.0	-1.97758476261356e-16	980.0	0.017318992403100458
985.0	3.4281093807091286e-16	985.0	0.3811437781732617	985.0	0.38114377817326206	985.0	0.41453951985706694	985.0	7.04670475644095e-05	985.0	0.41460998690463136	985.0	-5.888709362389615e-16	985.0	0.0032081695625887398	985.0	0.0004170738403405384	985.0	-0.0	985.0	1.7854115031528217e-16	985.0	0.0026555945547816883	985.0	0.002453995280208312	985.0	-0.0	985.0	0.006197414966512554	985.0	-5.898059818321144e-17	985.0	0.018463493479373545
990.0	3.045981793752494e-16	990.0	0.30282752896811505	990.0	0.3028275289681153	990.0	0.3381200748434068	990.0	7.440494668044035e-05	990.0	0.3381944797900872	990.0	-8.597096916878276e-16	990.0	0.0033909249588193894	990.0	0.00041330212994750577	990.0	2.846872801229754e-17	990.0	-4.1562048183776507e-16	990.0	0.0026130708623366065	990.0	0.0024524454059686503	990.0	-1.1102230246251565e-16	990.0	0.006729238184019948	990.0	-1.0408340855860843e-16	990.0	0.019693564334200754
995.0	-8.808178097091879e-17	995.0	0.2250098962440205	995.0	0.22500989624402043	995.0	0.2623542426335188	995.0	7.845683749266228e-05	995.0	0.26243269947101144	995.0	-3.9820816686686887e-16	995.0	0.0035884934669339003	995.0	0.00040638360950847853	995.0	-2.2940521491596863e-17	995.0	-3.9820816686686887e-16	995.0	0.00257238149496667	995.0	0.002479321197882944	995.0	-1.7616356194183758e-16	995.0	0.00732235334889003	995.0	1.8388068845354155e-16	995.0	0.02097541327131726
1000.0	2.957697188063585e-16	1000.0	0.16574190900890576	1000.0	0.16574190900890606	1000.0	0.20475074601623516	1000.0	8.132042399873448e-05	1000.0	0.20483206644023388	1000.0	1.1102230246251565e-16	1000.0	0.003781324388716639	1000.0	0.0003938408955378363	1000.0	5.178143237313898e-16	1000.0	5.728908433221227e-16	1000.0	0.002508918703500846	1000.0	0.002503470763822683	1000.0	6.101880319033113e-16	1000.0	0.007862933710993529	1000.0	-2.0816681711721685e-16	1000.0	0.021958348544755892
1005.0	2.0668574744741349e-16	1005.0	0.1221035409934064	1005.0	0.1221035409934066	1005.0	0.162439843225681	1005.0	8.323985193652096e-05	1005.0	0.16252308307761754	1005.0	-1.2638115994013348e-16	1005.0	0.00398382169233066	1005.0	0.0003757117423914848	1005.0	-3.3306690738754696e-16	1005.0	-6.494573002966223e-17	1005.0	0.0024233581474586733	1005.0	0.0025299220467437118	1005.0	1.1102230246251565e-16	1005.0	0.008324038327850908	1005.0	-6.938893903907228e-18	1005.0	0.022699450275499543
1010.0	-1.9636555838060583e-16	1010.0	0.0902186544833492	1010.0	0.09021865448334901	1010.0	0.1317347646815603	1010.0	8.444653482086144e-05	1010.0	0.13181921121638118	1010.0	2.3488412819724406e-16	1010.0	0.004189828474270808	1010.0	0.0003569281431541971	1010.0	-9.818277919030292e-17	1010.0	5.294324657681528e-16	1010.0	0.00234571588063515	1010.0	0.0025783624314841816	1010.0	2.9454833757090876e-16	1010.0	0.008790393343299799	1010.0	-1.942890293094024e-16	1010.0	0.0232548819253666
1015.0	-4.004417722400011e-16	1015.0	0.0671100129700212	1015.0	0.0671100129700208	1015.0	0.10970122390058822	1015.0	8.51165584586737e-05	1015.0	0.1097863404590469	1015.0	-4.440892098500626e-16	1015.0	0.004426495564503261	1015.0	0.00033964434069202337	1015.0	-1.2193416186503105e-16	1015.0	3.0033132918000083e-16	1015.0	0.002283191789598701	1015.0	0.002650363717549918	1015.0	1.8930902671748518e-16	1015.0	0.009223630501932076	1015.0	-4.5102810375396984e-17	1015.0	0.023667885016291502
1020.0	-4.440892098500626e-16	1020.0	0.04985160355463503	1020.0	0.04985160355463458	1020.0	0.09334255446247161	1020.0	8.539117208387006e-05	1020.0	0.09342794563455548	1020.0	2.1261523169511803e-16	1020.0	0.004617844607501192	1020.0	0.00032596192101221977	1020.0	6.37845695085354e-16	1020.0	-3.3306690738754696e-16	1020.0	0.0022432717900885924	1020.0	0.00272935049098262	1020.0	4.3465983662014934e-16	1020.0	0.009600724510308516	1020.0	1.5959455978986625e-16	1020.0	0.023973797587942634
1025.0	-6.413488151007619e-16	1025.0	0.03715717394311985	1025.0	0.03715717394311921	1025.0	0.08147550285672137	1025.0	8.53920599915549e-05	1025.0	0.08156089491671292	1025.0	3.248052408294363e-16	1025.0	0.0048113956461197475	1025.0	0.00031428643974779844	1025.0	-2.1378293836692062e-16	1025.0	5.468498457544676e-16	1025.0	0.0022157737891885434	1025.0	0.0028292775349443985	1025.0	8.261666558110697e-18	1025.0	0.009943674635087815	1025.0	2.8796409701215e-16	1025.0	0.024203920868512935
1030.0	-1.1102230246251565e-16	1030.0	0.02784329631883465	1030.0	0.02784329631883454	1030.0	0.07294243316904196	1030.0	8.518574709954934e-05	1030.0	0.07302761891614151	1030.0	2.3672257664264463e-16	1030.0	0.005030019413957214	1030.0	0.00030532880729299634	1030.0	-3.0371096395232037e-16	1030.0	2.0736663320741801e-16	1030.0	0.002202674985865608	1030.0	0.0029533137898405245	1030.0	-2.9637197809351376e-16	1030.0	0.010232723828985303	1030.0	2.0469737016526324e-16	1030.0	0.024375076024265648
1035.0	-0.0	1035.0	0.02074984682183583	1035.0	0.02074984682183583	1035.0	0.06644671502590119	1035.0	8.477399540160696e-05	1035.0	0.06653148902130279	1035.0	-7.573133805707654e-16	1035.0	0.005191175528550718	1035.0	0.00030017510625314985	1035.0	-6.614245555614726e-18	1035.0	-3.2645266183193226e-16	1035.0	0.002205449874558791	1035.0	0.003066483875309312	1035.0	1.1763654801813038e-16	1035.0	0.010456338685577002	1035.0	7.28583859910259e-17	1035.0	0.02447724513381728
1040.0	1.0497870918945712e-16	1040.0	0.015372029341760319	1040.0	0.015372029341760424	1040.0	0.061490234757119254	1040.0	8.417746328390826e-05	1040.0	0.06157441222040316	1040.0	8.760912331540082e-16	1040.0	0.005323792551070312	1040.0	0.00029683206105386695	1040.0	6.043593273058532e-18	1040.0	-3.3306690738754696e-16	1040.0	0.0022154939403333726	1040.0	0.0031586632678248594	1040.0	-4.440892098500626e-16	1040.0	0.010612838508088803	1040.0	4.85722573273506e-17	1040.0	0.02451058508698742
1045.0	3.274814851605158e-16	1045.0	0.011377324095010202	1045.0	0.01137732409501053	1045.0	0.057876025279946015	1045.0	8.349947586332694e-05	1045.0	0.057959524755809344	1045.0	9.992007221626409e-16	1045.0	0.005465935162947263	1045.0	0.0002954282704122616	1045.0	-9.426603578142222e-17	1045.0	-9.985145800845336e-17	1045.0	0.002234638552478823	1045.0	0.003241563602269624	1045.0	-4.3291836539600033e-16	1045.0	0.010743728068720322	1045.0	-2.8449465006019636e-16	1045.0	0.024517407528106844
1050.0	-1.1102230246251565e-16	1050.0	0.00836036074792319	1050.0	0.008360360747923078	1050.0	0.05501528687441489	1050.0	8.275919891690293e-05	1050.0	0.0550980460733318	1050.0	-6.400375324607087e-16	1050.0	0.0055383307897071635	1050.0	0.0002966282578666608	1050.0	-0.0	1050.0	5.551115123125783e-16	1050.0	0.002262138254478895	1050.0	0.0033091426293828355	1050.0	1.058030459996386e-16	1050.0	0.010745907917773008	1050.0	-3.2612801348363973e-16	1050.0	0.024502778277283713
1055.0	1.2090665627906406e-16	1055.0	0.00608137509790871	1055.0	0.00608137509790883	1055.0	0.05277165594010987	1055.0	8.196133604336087e-05	1055.0	0.05285361727615323	1055.0	4.2926267912524e-16	1055.0	0.005606655257485426	1055.0	0.00029914946289019554	1055.0	4.1937832530869156e-16	1055.0	-1.1596447937078985e-16	1055.0	0.0022883855984488425	1055.0	0.0033446558951663236	1055.0	1.0805699631755112e-15	1055.0	0.01068380238862563	1055.0	3.0184188481996443e-16	1055.0	0.024467632239582364
1060.0	5.456401281838193e-16	1060.0	0.0043886473509855885	1060.0	0.004388647350986134	1060.0	0.05094416984891954	1060.0	8.112227808281298e-05	1060.0	0.05102529212700235	1060.0	-1.438554239948324e-15	1060.0	0.005610452109037729	1060.0	0.00030216619141697307	1060.0	9.471384128758924e-18	1060.0	4.2041074952816526e-16	1060.0	0.002311641279963654	1060.0	0.0033448546702717756	1060.0	-1.0628661039813619e-16	1060.0	0.010569941239541076	1060.0	-1.0061396160665481e-16	1060.0	0.024416467007703672
1065.0	-0.0	1065.0	0.0031364101291809577	1065.0	0.0031364101291809577	1065.0	0.04946530777380959	1065.0	8.02485843280303e-05	1065.0	0.04954555635813762	1065.0	4.440892098500626e-16	1065.0	0.005615240222751077	1065.0	0.00030515429707484603	1065.0	-5.367381727162254e-16	1065.0	-9.80827382566288e-16	1065.0	0.0023308290069033646	1065.0	0.003312782802557715	1065.0	1.1561563736160386e-16	1065.0	0.010413934225309694	1065.0	1.3183898417423734e-16	1065.0	0.024350957090032804
1070.0	-5.371002577140904e-16	1070.0	0.00221819384978629	1070.0	0.0022181938497857533	1070.0	0.0482446360947586	1070.0	7.935085739019339e-05	1070.0	0.04832398695214879	1070.0	-2.2654741857465325e-16	1070.0	0.00556406034717996	1070.0	0.0003077915385862643	1070.0	-2.220446049250313e-16	1070.0	3.420725346867909e-16	1070.0	0.0023500277321622737	1070.0	0.003251752680870872	1070.0	4.305807689011967e-16	1070.0	0.010278732129458934	1070.0	1.97758476261356e-16	1070.0	0.024274077816713893
1075.0	-1.1102230246251565e-16	1075.0	0.0015564085137687127	1075.0	0.0015564085137686017	1075.0	0.04719995682780268	1075.0	7.843193187359186e-05	1075.0	0.04727838875967627	1075.0	-8.792549724737251e-16	1075.0	0.005526714939575388	1075.0	0.00030923111978758895	1075.0	2.220446049250313e-16	1075.0	4.3070403901046244e-16	1075.0	0.002365607623236898	1075.0	0.0031619199737312163	1075.0	5.506497886993782e-16	1075.0	0.010093561514742997	1075.0	7.632783294297951e-17	1075.0	0.024186513142959453
1080.0	-0.0	1080.0	0.0010845083560614946	1080.0	0.0010845083560614946	1080.0	0.04632698199482796	1080.0	7.750041435641928e-05	1080.0	0.04640448240918438	1080.0	-1.2886051764133419e-16	1080.0	0.005459672963851573	1080.0	0.00031042481406548365	1080.0	2.3096371251444057e-16	1080.0	1.0210319487310639e-16	1080.0	0.0023748098837428197	1080.0	0.003064313700401912	1080.0	4.440892098500626e-16	1080.0	0.009942483365275558	1080.0	1.942890293094024e-16	1080.0	0.024090768911428473
1085.0	5.371258863444694e-16	1085.0	0.0007511050064295798	1085.0	0.0007511050064301169	1085.0	0.04568626620805464	1085.0	7.655688654225259e-05	1085.0	0.045762823094596894	1085.0	-6.526445952990123e-16	1085.0	0.005428722177140724	1085.0	0.00031056029266898294	1085.0	-8.701927937320164e-16	1085.0	1.0652589597048844e-16	1085.0	0.002378586166776492	1085.0	0.002959132245545769	1085.0	5.506151058205511e-16	1085.0	0.009871238797807767	1085.0	-1.2836953722228372e-16	1085.0	0.023986921521685634
1090.0	-4.5569881300089774e-18	1090.0	0.0005187750114647059	1090.0	0.0005187750114647013	1090.0	0.04514531212505638	1090.0	7.561284297460006e-05	1090.0	0.045220924968030984	1090.0	-1.201362787225336e-16	1090.0	0.005410812967112593	1090.0	0.00030891324528637895	1090.0	1.019083262024977e-16	1090.0	-1.0646531433250668e-16	1090.0	0.0023833322641174264	1090.0	0.002842332463523265	1090.0	-4.5569881300089774e-18	1090.0	0.009802646851467825	1090.0	2.2898349882893854e-16	1090.0	0.02387849932208389
1095.0	7.493512587720247e-16	1095.0	0.0003576500374316094	1095.0	0.00035765003743235875	1095.0	0.04471363769388232	1095.0	7.467353353534242e-05	1095.0	0.044788311227417665	1095.0	-2.0862530313998098e-15	1095.0	0.005383974941945064	1095.0	0.0003057595327393825	1095.0	2.266787480026288e-16	1095.0	3.3306690738754696e-16	1095.0	0.00238887486064231	1095.0	0.0027208222075320388	1095.0	-3.1453033507715705e-16	1095.0	0.009789398994164127	1095.0	-3.122502256758253e-17	1095.0	0.0237671571194291
1100.0	1.1102230246251565e-16	1100.0	0.00024621105966056173	1100.0	0.00024621105966067276	1100.0	0.044462953785183605	1100.0	7.373728882954028e-05	1100.0	0.044536691074013146	1100.0	7.724257793246761e-16	1100.0	0.005405431987163205	1100.0	0.0003011896237056671	1100.0	-9.460675825866973e-18	1100.0	-6.566731389492269e-16	1100.0	0.0023938171886753565	1100.0	0.002599539858590388	1100.0	6.566731389492269e-16	1100.0	0.009864381476892989	1100.0	2.3245294578089215e-16	1100.0	0.023652382590494497
