2theta	Intensity
	69_100
5.0	852.5508522569232
5.02	770.0452526647932
5.04	791.3982119311889
5.06	799.933422363393
5.08	725.6406952906766
5.1	701.8459599096154
5.12	688.538262138074
5.14	665.7097634778085
5.16	673.3527398856395
5.18	584.7895806531418
5.2	613.3477872948024
5.22	592.3499724445985
5.24	565.1228587609435
5.26	574.9902778399546
5.28	491.9451691369907
5.3	475.97957889641333
5.32	473.7516590895216
5.34	461.9206663606119
5.36	493.81196098111695
5.38	472.7520058117733
5.4	405.39936527277104
5.42	405.0807043218388
5.44	461.7887874402158
5.46	435.51547762646464
5.48	429.58873539807695
5.5	427.3326178008278
5.52	458.7422774258286
5.54	357.14396143423716
5.56	349.1970105895742
5.58	364.8948582976039
5.6	370.8990296537318
5.62	383.86814049787523
5.64	340.4628964767591
5.66	354.0110921135959
5.68	311.1726098851021
5.7	288.609419305807
5.72	262.9805760196121
5.74	314.2802208985533
5.76	385.8375791487241
5.78	234.3119594233172
5.8	243.03275294273863
5.82	361.99243262175264
5.84	247.8535522036134
5.86	283.9437454011427
5.88	226.9247250447076
5.9	286.7902822370595
5.92	330.20328551498784
5.94	233.82368001775188
5.96	294.315486662243
5.98	228.33780132484122
6.0	235.8877940299185
6.02	210.2937081449545
6.04	211.5498595822183
6.06	199.65263600697557
6.08	257.9304960521858
6.1	226.37896853964156
6.12	238.32765170751446
6.14	250.43721244426797
6.16	212.7043855288926
6.18	175.12597287742898
6.2	204.3628427957372
6.22	200.41092923847094
6.24	196.6012310742202
6.26	206.26181135678382
6.28	209.38879660253104
6.3	192.64637607381127
6.32	192.69580106838367
6.34	202.86738421481283
6.36	179.82349877380778
6.38	210.22857794545547
6.4	170.745114182318
6.42	198.03665850835023
6.44	165.43281984360675
6.46	206.26326433469563
6.48	170.52471469094405
6.5	181.5479495262416
6.52	255.9958027065183
6.54	160.5331627028292
6.56	208.4879719500006
6.58	233.19322621081056
6.6	181.3099739456581
6.62	182.8373156876964
6.64	197.7724034233841
6.66	249.44443997842546
6.68	264.5176784090645
6.7	196.32342139869388
6.72	211.52502065974517
6.74	203.4538763408304
6.76	155.44043643909268
6.78	244.14919621773993
6.8	199.57669762871677
6.82	248.3885287404937
6.84	177.2483231709296
6.86	232.81975952517587
6.88	261.76856083859417
6.9	214.0914940246467
6.92	269.78636932773065
6.94	172.18503978092508
6.96	284.61840066860964
6.98	233.75138899393397
7.0	262.91398295109565
7.02	278.7732014023957
7.04	271.3251033600496
7.06	267.2347874727036
7.08	263.16739151664177
7.1	245.78809189164275
7.12	168.42810312145699
7.14	197.7526773588745
7.16	233.7591038953439
7.18	203.11370867513074
7.2	292.4808538139567
7.22	191.85793712211776
7.24	264.57839163202624
7.26	300.6406851301629
7.28	276.70831969340156
7.3	279.4478312296767
7.32	275.5237890229634
7.34	271.60279528254665
7.36	334.34848469653826
7.38	270.4265239896222
7.4	269.83661148499397
7.42	232.57647667046908
7.44	285.3118797687246
7.46	281.37461131164923
7.48	277.430491718778
7.5	286.81237087977047
7.52	299.51812774092036
7.54	338.88066989564715
7.56	328.23093317896536
7.58	274.2368812658845
7.6	326.89550527372404
7.62	319.5398233683084
7.64	335.5018803740088
7.66	284.78174738763147
7.68	310.7105213960906
7.7	289.95532489785165
7.72	312.51430552813855
7.74	281.7196356878386
7.76	270.9055121761169
7.78	300.0701558266854
7.8	332.54581114771537
7.82	314.998745965366
7.84	340.76125107089433
7.86	333.16663987132574
7.88	375.54724804367083
7.9	334.5694331926309
7.92	383.56457451181194
7.94	312.5340724483715
7.96	294.80934837112204
7.98	373.72384424202374
8.0	352.6090222910686
8.02	361.466364694523
8.04	270.2943732564985
8.06	319.09156909383375
8.08	324.5264923242615
8.1	313.2627017578303
8.12	348.63577459156596
8.14	363.9763061073461
8.16	362.61890937294703
8.18	347.89521494627775
8.2	373.1388705827305
8.22	388.35054094566505
8.24	456.8609073199702
8.26	532.0056673287011
8.28	623.7825346527715
8.3	538.8582387536487
8.32	517.2335245990678
8.34	458.9071523917103
8.36	433.878897300842
8.38	372.14954919688336
8.4	383.7179123888803
8.42	378.5838053648788
8.44	340.0810605351487
8.46	348.20952397825556
8.48	332.9680551899562
8.5	371.0245268348834
8.52	359.04382450102287
8.54	377.02784645693123
8.56	374.97550341169637
8.58	366.21971827760245
8.6	320.7604259355055
8.62	371.9315730028459
8.64	379.73311760434837
8.66	387.4970291453216
8.68	398.5582880875774
8.7	372.9168857279363
8.72	413.90482397929765
8.74	364.85611515426524
8.76	419.1037817512695
8.78	393.3148562432486
8.8	437.4903808687498
8.82	404.9614074255539
8.84	365.729997066706
8.86	409.7962200989985
8.88	423.8251557838423
8.9	374.484892140538
8.92	371.77552575190737
8.94	365.6961615722737
8.96	406.2479127377776
8.98	380.0969003789934
9.0	373.9112534358454
9.02	364.35610847478927
9.04	381.4316095082646
9.06	398.4729078163507
9.08	402.14516177066497
9.1	412.449536660458
9.12	429.3862045208891
9.14	429.6213439634255
9.16	356.4891400084615
9.18	373.32178391998434
9.2	410.12147304241194
9.22	366.8874106394686
9.24	360.2858057351634
9.26	390.31787295684376
9.28	406.9838323802158
9.3	376.94990937646423
9.32	370.21633446133205
9.34	423.4503431461969
9.36	396.65317579110234
9.38	326.49007745977895
9.4	329.62829777654974
9.42	402.7350907852039
9.44	345.8117148097416
9.46	398.8564323169878
9.48	358.5375097811541
9.5	401.52121755013894
9.52	394.47582971377307
9.54	374.0666239737965
9.56	336.96088151571735
9.58	386.4928868823929
9.6	365.9959278494464
9.62	325.4702953023573
9.64	371.5832831153974
9.66	377.66718803220795
9.68	380.3913095481328
9.7	376.41994979420963
9.72	349.0894134228946
9.74	341.7310074954023
9.76	381.0130413707186
9.78	383.6018265962463
9.8	399.49867680007014
9.82	405.36990758481517
9.84	384.54883642312035
9.86	383.7027825546673
9.88	376.16506688478535
9.9	335.27001188457166
9.92	411.0179414925886
9.94	373.40818101807076
9.96	335.7750570455952
9.98	361.45289734128914
10.0	373.77403076049603
10.02	352.73978715690976
10.04	328.3504972931353
10.06	340.6054927527199
10.08	359.50610585357356
10.1	345.052669562838
10.12	343.9115174130859
10.14	389.41698341997363
10.16	361.5684020012234
10.18	313.70010789693663
10.2	369.14643609131804
10.22	371.23972173567535
10.24	386.6483000727169
10.26	325.371506362226
10.28	320.7436758079738
10.3	306.0971434858999
10.32	291.43424427359446
10.34	306.75431278102667
10.36	322.05668328246395
10.38	334.0106896496899
10.4	292.614665286408
10.42	297.8689430638384
10.44	356.44185525750316
10.46	358.33373348521746
10.48	336.8769086462415
10.5	345.4057108615478
10.52	353.92046941530845
10.54	309.08751269742936
10.56	347.5751681472818
10.58	302.71676219846654
10.6	324.5116202247797
10.62	299.62806648713763
10.64	324.7324240816777
10.66	256.4910148888823
10.68	301.5721595237518
10.7	336.6411772870185
10.72	325.03338611744556
10.74	290.0821025450507
10.76	318.45364164541047
10.78	303.4823169949085
10.8	291.83444062709793
10.82	320.17732298980974
10.84	308.51127290346886
10.86	303.5025975202176
10.88	318.4866022840363
10.9	323.46259089178767
10.92	301.7638652552121
10.94	283.3907254637536
10.96	245.01046974842998
10.98	309.95739444645847
11.0	318.230793966851
11.02	283.164960756876
11.04	264.75918526931605
11.06	223.0147559306945
11.08	227.93195911025745
11.1	236.1770790898116
11.12	317.75039803439836
11.14	235.986195963834
11.16	254.2177507249155
11.18	299.11233796459766
11.2	304.0022311038444
11.22	258.8897013122744
11.24	243.77401748363977
11.26	248.65444621198426
11.28	283.53325176862404
11.3	258.4096960797723
11.32	256.6170387050805
11.34	224.82253681665665
11.36	249.69244517904704
11.38	284.56201612974223
11.4	222.76349956049057
11.42	234.29714289925292
11.44	202.49719109284675
11.46	207.36388659030968
11.48	195.5634693268196
11.5	190.4301767084224
11.52	238.63024359724008
11.54	270.1639022975262
11.56	341.69838254217274
11.58	293.23491147984606
11.6	258.1047136629274
11.62	276.31001103584885
11.64	307.85102292417633
11.66	299.39296602413947
11.68	250.93705439295053
11.7	242.48449943951692
11.72	277.36650991578034
11.74	215.585291908708
11.76	230.47404883267268
11.78	175.3659814225101
11.8	166.92728772715623
11.82	231.82616310357554
11.84	193.39480021152235
11.86	218.3013890086184
11.88	243.21111674603134
11.9	194.7931679645561
11.92	233.04572449137032
11.94	217.9689654370747
11.96	242.89806719342073
11.98	214.49820343129585
12.0	182.77054509938048
12.02	187.71526042317987
12.04	189.33151490442438
12.06	180.95447132115518
12.08	209.24928972795152
12.1	170.88312745687858
12.12	149.19013911864954
12.14	167.50347660431567
12.16	152.49028908739987
12.18	154.14972302636147
12.2	125.81592216749019
12.22	167.4900275482258
12.24	159.1701775008289
12.26	144.1915076565318
12.28	159.21915094992042
12.3	130.92223762375656
12.32	149.2988952342947
12.34	107.6832486567117
12.36	142.74142009110406
12.38	114.47552906875794
12.4	129.54969245866656
12.42	171.3000244746334
12.44	129.7246366824846
12.46	104.82363800761291
12.48	79.93213474308436
12.5	71.71523055761614
12.52	136.84102650445334
12.54	118.64162103004551
12.56	150.45210998325805
12.58	138.9375866247327
12.6	147.43214163685556
12.62	105.93586313362707
12.64	191.11483667097917
12.66	92.97114525745278
12.68	138.16886936493816
12.7	160.0440869398788
12.72	101.9278734146094
12.74	107.15530171901341
12.76	145.72544229235228
12.78	134.30536309540716
12.8	96.22812962290686
12.82	91.49480491599829
12.84	116.7704495751938
12.86	115.39012177330065
12.88	114.01987726873236
12.9	115.99376941911473
12.92	134.6438491947136
12.94	126.63716519260129
12.96	128.64076365063707
12.98	157.32168846167923
13.0	86.0129811882986
13.02	101.38168107721071
13.04	163.42682507427133
13.06	148.81644783960587
13.08	197.54958176257355
13.1	99.626256977405
13.12	88.3805013786147
13.14	113.81234063670786
13.16	122.58779821422218
13.18	124.70689538155483
13.2	170.17065123327143
13.22	85.64508270440805
13.24	174.463204586931
13.26	123.29202954630983
13.28	208.79756813834473
13.3	134.314828826012
13.32	193.17581799644108
13.34	255.38053997805463
13.36	187.59699705788336
13.38	266.49018949876864
13.4	275.3941155570663
13.42	297.6417714999909
13.44	256.56715162361365
13.46	345.5032482702293
13.48	291.1170518466768
13.5	406.74055084210215
13.52	429.04273184607325
13.54	358.0215795667226
13.56	513.6770768491302
13.58	616.0112046934063
13.6	625.0219422734971
13.62	774.0432669552227
13.64	773.0751543152018
13.66	782.1175781592664
13.68	1031.1735105412638
13.7	970.2369217817698
13.72	1259.310780486899
13.74	1278.395053567264
13.76	1787.4897062568755
13.78	1786.5947021319237
13.8	2212.370003130093
13.82	2444.835569569551
13.84	3123.971360167944
13.86	3299.7773320617316
13.88	4188.933440825133
13.9	5398.099640489553
13.92	6550.615883562915
13.94	8493.132121048657
13.96	11289.02830246521
13.98	16214.834375865405
14.0	23057.450287855623
14.02	30756.675983615354
14.04	31659.211406916507
14.06	24958.456500142645
14.08	15141.011204308801
14.1	7600.305459080481
14.12	3059.579202793272
14.14	1448.862372472254
14.16	851.4949038513198
14.18	640.7937313929432
14.2	416.7707883070676
14.22	399.42500657083826
14.24	345.42031694816853
14.26	281.42564900867114
14.28	180.7729311473788
14.3	213.4620906040297
14.32	152.82705348238113
14.34	98.86774476967662
14.36	64.91708835564515
14.38	87.64100705205715
14.4	107.04042261187465
14.42	103.11525574859098
14.44	79.19742615516287
14.46	135.28885252353143
14.48	78.05445256355478
14.5	94.16214302196136
14.52	66.94383970174084
14.54	26.400457481004793
14.56	19.198910331902738
14.58	48.67111133968851
14.6	118.1509727214887
14.62	40.97140584521662
14.64	77.13332124848586
14.66	49.9686286571316
14.68	9.478237004073208
14.7	48.99505444796637
14.72	61.85198839146932
14.74	31.38294550057131
14.76	24.25483172198787
14.78	27.13255230247273
14.8	0.01701180687692272
14.82	36.242114136156715
14.84	29.139762546101935
14.86	102.04485966513295
14.88	61.62230751254884
14.9	47.87200751663718
14.92	37.46186053247098
14.94	40.391766859778585
14.96	129.9936262609952
14.98	32.93433797881994
15.0	72.54780075392523
15.02	-1.1660871573477891
15.04	38.45857203415275
15.06	71.42167566853573
15.08	7.724120653528956
15.1	44.03080348210156
15.12	67.01062024954791
15.14	-43.33853332932645
15.16	36.31723809692252
15.18	19.31082953315604
15.2	45.64313565429967
15.22	21.979050822718506
15.24	21.653469104311313
15.26	17.999284285463773
15.28	-5.6506101106971585
15.3	44.0366791924169
15.32	3.728045240688374
15.34	30.08938086605727
15.36	89.7885787023103
15.38	76.15853120110228
15.4	55.86513064819633
15.42	-1.0917308209512555
15.44	31.955838794394225
15.46	31.672731376180167
15.48	41.39283870334094
15.5	67.78205246630813
15.52	44.17526428357564
15.54	40.571365715848344
15.56	56.96924828201617
15.58	73.37080347349843
15.6	-10.225077230239691
15.62	72.84749765263518
15.64	-7.410580378399345
15.66	25.66658020769924
15.68	48.74687098868509
15.7	11.82818360290662
15.72	-8.421590235894428
15.74	71.33044127493599
15.76	1.084170041792504
15.78	40.83948808815444
15.8	27.263287568833988
15.82	30.35446078357313
15.84	16.78090019034775
15.86	29.874498419508427
15.88	-23.696851713170105
15.9	36.065742806625906
15.92	9.162175205242647
15.94	52.259338934035156
15.96	38.69112768246055
15.98	55.123435390261704
16.0	38.22215626112052
16.02	57.988184774486626
16.04	34.42141569870529
16.06	50.853744102768076
16.08	37.287065368754384
16.1	63.7202752045867
16.12	53.48626965503155
16.14	19.917945114308765
16.16	-26.98280166249984
16.18	86.11492645280964
16.2	79.2120269722588
16.22	15.642397803597532
16.24	112.07193726194583
16.26	121.83354407994358
16.28	48.26011741993051
16.3	61.353556884678085
16.32	27.777762527258034
16.34	20.86863486295792
16.36	93.95707487976256
16.38	77.04398404748162
16.4	33.46326433011495
16.42	46.54681819431852
16.44	59.62954862087264
16.46	42.70935911361562
16.48	59.121153709986004
16.5	82.1968369902927
16.52	178.60431408819915
16.54	148.34249069881645
16.56	184.7442730894697
16.58	284.47756810838894
16.6	314.2082831941285
16.62	260.6033263831298
16.64	240.3286063217813
16.66	163.38403227138468
16.68	113.10351411988694
16.7	89.48696238894922
16.72	119.2002882424124
16.74	162.24340349520634
16.76	115.28422062090596
16.78	41.65365276032816
16.8	98.02061372886169
16.82	137.71701802524626
16.84	100.74278083763119
16.86	83.76581805316692
16.88	20.117046264015386
16.9	19.798382775542137
16.92	72.80974561254499
16.94	-0.8509464725387659
16.96	132.15222600687213
16.98	41.817183277920606
17.0	111.47784631596534
17.02	97.80013685056173
17.04	74.11897737206823
17.06	67.09929113809329
17.08	120.07600218004319
17.1	76.38003530876875
17.12	119.34731612073466
17.14	55.64177100455407
17.16	95.26532714581907
17.18	78.21791253341672
17.2	74.49745596478232
17.22	54.10588705183608
17.24	110.37613622575668
17.26	33.30713474258363
17.28	126.23381468791723
17.3	105.82110898237607
17.32	85.40295138610765
17.34	164.97927650391085
17.36	121.21601978942698
17.38	104.11511754991244
17.4	227.0075069510433
17.42	116.56112602029793
17.44	169.4419136522053
17.46	208.98380961134234
17.48	241.85375453731632
17.5	241.38368994798822
17.52	214.2405582436761
17.54	220.4253027100347
17.56	236.60286752206838
17.58	286.10819774828144
17.6	302.27423935205957
17.62	218.43393919721876
17.64	234.58624504910466
17.66	104.06610557855737
17.68	93.53947036506787
17.7	106.3402898982493
17.72	129.13351558170075
17.74	95.25409973531515
17.76	154.70099559769534
17.78	120.80715732754169
17.8	63.5745400078502
17.82	89.66709964559112
17.84	49.08679317654122
17.86	145.1665784642439
17.88	144.57241430373074
17.9	110.63826042363672
17.92	53.36307748558397
17.94	102.74782708793941
17.96	112.1254717659242
17.98	138.16297499337253
18.0	154.19230118394142
18.02	103.54841569183071
18.04	146.23128481384612
18.06	105.57287578883717
18.08	134.90715679903025
18.1	140.90009697202612
18.12	153.5536663794972
18.14	92.86583603806122
18.16	162.17057791136887
18.18	114.80086490820872
18.2	120.75767088401318
18.22	83.3729706409315
18.24	105.98073992769122
18.26	71.91495543865608
18.28	44.50759481578342
18.3	77.09363664625181
18.32	143.00406046313827
18.34	122.24084674446812
18.36	128.13697691496895
18.38	80.69143334087556
18.4	119.90519933326931
18.42	105.77825914680147
18.44	88.30959797619533
18.46	47.50020195871065
18.48	120.01705817035673
18.5	115.85815462614727
18.52	48.35948027915384
18.54	87.51902501773458
18.56	173.33677966601743
18.58	52.48073598112995
18.6	74.95088665156055
18.62	160.74522529658742
18.64	113.19974646283646
18.66	132.31244562563717
18.68	71.41731918289389
18.7	120.51436445654855
18.72	162.93657968900447
18.74	132.0179640411418
18.76	67.75851759062044
18.78	136.8242413283695
18.8	145.88213715881267
18.82	141.59820789387476
18.84	70.64045725364912
18.86	116.34188986107915
18.88	88.70151124276589
18.9	141.0543278225121
18.92	126.73134692105913
18.94	145.73457675159324
18.96	141.39702641900044
18.98	37.05170591353436
19.0	72.69762611074174
19.02	78.33679876691463
19.04	53.968236516593436
19.06	126.25795286719699
19.08	101.87396219916246
19.1	117.48127975972483
19.12	113.08192166000777
19.14	172.00790487211384
19.16	150.92624722493133
19.18	176.50396740094385
19.2	225.40708493140107
19.22	130.96862019379358
19.24	179.85659440743137
19.26	152.07102962839036
19.28	127.60994874878332
19.3	139.8093754884938
19.32	138.6673343933415
19.34	107.5178508313382
19.36	146.36095098619973
19.38	65.19666185665466
19.4	220.69101124797692
19.42	199.5120277703378
19.44	184.99274083376918
19.46	193.7991806427483
19.48	245.93137819187234
19.5	211.39036526251516
19.52	180.17517441700443
19.54	232.285838993345
19.56	221.05639310189383
19.58	316.4868716182948
19.6	418.57631018196355
19.62	460.6597451884353
19.64	439.40221378376907
19.66	504.8037538623763
19.68	680.1994040596776
19.7	785.5912037476003
19.72	827.6361930295909
19.74	1029.6744127355007
19.76	1301.715904415035
19.78	1607.0707103328361
19.8	2052.4288734671964
19.82	2534.440437496417
19.84	3486.4554468005545
19.86	4661.783946452738
19.88	6183.785982215132
19.9	8275.77160053102
19.92	9544.4208485202
19.94	8503.063773976428
19.96	6611.70042535668
19.98	4850.330851777221
20.0	3002.285103010173
20.02	1627.5732294752136
20.04	749.5152822341108
20.06	464.7913129846977
20.08	350.05837405545924
20.1	261.9855183999091
20.12	177.2407995900811
20.14	169.1562718086036
20.16	177.732989848447
20.18	202.97100909827338
20.2	184.86938554497578
20.22	120.0961757603198
20.24	195.316436900354
20.26	113.86522669543837
20.28	175.7426034446488
20.3	150.94662601289622
20.32	159.4793538191758
20.34	214.67384683364548
20.36	136.52916557190167
20.38	78.38037108519148
20.4	193.5585249583279
20.42	155.3996892990889
20.44	123.90192673452282
20.46	209.0653004044276
20.48	224.22487395344183
20.5	162.71271152387385
20.52	67.86287775344118
20.54	203.00743776236834
20.56	174.81545715214622
20.58	166.61800199798677
20.6	145.08313883825872
20.62	150.21093467324306
20.64	178.66745695429552
20.66	83.78577358062529
20.68	85.56795288860468
20.7	120.67806365015042
20.72	125.78517506046342
20.74	150.8883567345964
20.76	59.32067870200973
20.78	211.08221139659622
20.8	156.174025649976
20.82	84.59519268780952
20.84	49.67878412041745
20.86	258.09287193697
20.88	149.83752849768086
20.9	71.57782652923856
20.92	153.3148391145029
20.94	188.38263968887372
20.96	116.78030203073763
20.98	128.50790025878143
21.0	130.23350881999966
21.02	115.2882024850411
21.04	170.34105634234152
21.06	142.05714579037942
21.08	180.4375465296713
21.1	232.14933456015922
21.12	247.19058616621317
21.14	225.56337791881435
21.16	233.93378666197225
21.18	262.3018895091378
21.2	250.66776383610397
21.22	172.3654872720125
21.24	197.39313769533567
21.26	182.41979322346856
21.28	144.11053221092573
21.3	249.13343323715458
21.32	84.15457510141448
21.34	125.84003681740364
21.36	100.85789760609794
21.38	175.87323688536037
21.4	134.2211342685465
21.42	129.23466955346635
21.44	80.91292271572877
21.46	132.5909739047546
21.48	150.9339034330277
21.5	122.60879177447282
21.52	144.28271955103685
21.54	125.95676753094074
21.56	74.29601661873664
21.58	69.30054785155755
21.6	147.63844239020966
21.62	85.97578151069376
21.64	147.6466466021319
21.66	189.31611915440521
21.68	150.9852807567264
21.7	185.98821308736774
21.72	107.65699790649398
21.74	19.3267170528851
21.76	87.66245243275068
21.78	65.99828601746947
21.8	81.00029983400293
21.82	-3.9964240404522116
21.84	171.00719650931012
21.86	142.67724364346145
21.88	144.34779954423414
21.9	76.019946420054
21.92	87.69176649573205
21.94	116.03134200318095
21.96	197.70475518161822
21.98	112.71308826179234
22.0	144.38842346959484
22.02	159.3988430105594
22.04	77.74342906765673
22.06	39.422263794302694
22.08	77.76942931036012
22.1	109.45200768930033
22.12	74.46808095834842
22.14	159.48673108754087
22.16	184.50703998672714
22.18	126.19508949544183
22.2	244.55196138095494
22.22	132.91073732802693
22.24	247.9384989336121
22.26	242.96732770476285
22.28	231.33230504367077
22.3	299.6995122518316
22.32	191.4030305123905
22.34	226.4409408953876
22.36	164.81532434372332
22.38	266.5262616691888
22.4	154.9058335505996
22.42	103.2881205190696
22.44	121.67320295658817
22.46	56.72716109489977
22.48	101.78507499951525
22.5	83.5120245739023
22.52	85.24308954363539
22.54	66.97634945672985
22.56	148.71288368046646
22.58	113.78677138477292
22.6	118.86409154775708
22.62	133.9439229424794
22.64	105.69534413874669
22.66	194.11643348477617
22.68	65.87426911427906
22.7	50.969928935968596
22.72	159.40249062677492
22.74	171.17203162305964
22.76	159.61262912668394
22.78	131.39036008422102
22.8	79.83930119328272
22.82	134.95952889383557
22.84	200.0841193559262
22.86	311.87914848377045
22.88	187.01269191010385
22.9	252.14982498014854
22.92	307.2926227536075
22.94	135.77316000721407
22.96	280.9255112139234
22.98	229.41575054565863
23.0	301.24395187056075
23.02	366.4111887444577
23.04	454.91953440108887
23.06	403.43006175852236
23.08	505.27584340657563
23.1	630.4669515973958
23.12	662.3234582508333
23.14	794.1854349464168
23.16	1156.0629529089613
23.18	1567.9360830198596
23.2	2209.814895796754
23.22	3151.7094614016796
23.24	5563.599849625824
23.26	11402.166129892328
23.28	18880.738371244795
23.3	26026.016642350743
23.32	28264.601011489503
23.34	25839.791546554785
23.36	22545.08831504253
23.38	17410.391384049726
23.4	11885.600820273361
23.42	7930.916690002355
23.44	5056.209059109392
23.46	3094.83799306112
23.48	2223.4735568894403
23.5	1482.1158152158216
23.52	1177.4248322261167
23.54	1042.750671669531
23.56	631.4133968666858
23.58	473.41307069029176
23.6	648.7597555687128
23.62	407.4435134865846
23.64	369.4644059677497
23.66	331.49949408519194
23.68	356.86783844394574
23.7	328.91749919190795
23.72	250.9705360020846
23.74	223.03100807988142
23.76	165.09997415312853
23.78	260.5084924663648
23.8	269.2586207839055
23.82	228.01641638314015
23.84	166.78193605402396
23.86	162.22223608482022
23.88	161.00337227146815
23.9	123.12539991081633
23.92	228.58937378948326
23.94	140.72734819150048
23.96	129.54037689128074
23.98	81.69551313993168
24.0	113.8578096856429
24.02	206.0283187440042
24.04	148.20809201136024
24.06	230.3951806601101
24.08	272.59063533013307
24.1	181.4615061326009
24.12	217.00784263008904
24.14	335.8956938683434
24.16	294.7921083376343
24.18	300.3641339831464
24.2	415.9408182140844
24.22	558.2032078763343
24.24	430.46434927797895
24.26	476.07428816299694
24.28	635.023069720469
24.3	860.6407385808573
24.32	792.9473388112613
24.34	891.9229139168431
24.36	1000.9075068300856
24.38	1499.9011599221897
24.4	1735.5639149845858
24.42	2351.2458132388083
24.44	2916.9368953299863
24.46	3409.2972013277786
24.48	2671.6667707174975
24.5	2194.055642398741
24.52	1636.4438546970916
24.54	1052.1814453431336
24.56	661.2584514792627
24.58	350.344909667195
24.6	206.10385586314135
24.62	198.54332543553198
24.64	130.9913531600971
24.66	116.7829732125009
24.68	145.91721916958147
24.7	28.3941240021843
24.72	127.54772009513476
24.74	63.37803920653266
24.76	49.217112505619866
24.78	71.73397055333942
24.8	-9.073356701885245
24.82	0.12916007992487266
24.84	19.341549632545025
24.86	-31.436159929491737
24.88	-18.870941098234425
24.9	50.37123301604447
24.92	166.29038868746818
24.94	158.8855515796779
24.96	411.4877467287781
24.98	550.769998564175
25.0	613.4023308843618
25.02	736.0347668764764
25.04	665.3473291019247
25.06	578.0000394990577
25.08	480.6729193901567
25.1	250.01298946827762
25.12	242.6992698003953
25.14	135.39577983852053
25.16	138.10353839467086
25.18	140.82056367317568
25.2	120.21487323621773
25.22	86.28648402403076
25.24	-47.632587641607984
25.26	8.459673915847134
25.28	31.228283765428046
25.3	-12.65874366760977
25.32	123.46460542399825
25.34	156.2643442111323
25.36	49.07448524348058
25.38	98.5620404362677
25.4	144.72702107025475
25.42	184.2354378146149
25.44	297.0843006980625
25.46	226.61661912282273
25.48	279.4934018599753
25.5	439.0436570563809
25.52	361.9343922301989
25.54	491.5056142704227
25.56	267.7543294368205
25.58	287.34954336453404
25.6	160.28226106524312
25.62	203.22848691232196
25.64	126.18622466808108
25.66	119.15347746025077
25.68	128.79824778844272
25.7	91.78653753736273
25.72	71.45234796592615
25.74	57.79567970108769
25.76	134.14953275798132
25.78	37.179906529792106
25.8	133.55479977634775
25.82	163.27321065863532
25.84	133.0021366924683
25.86	79.40757480069863
25.88	55.824521275731286
25.9	122.25197179122358
25.92	162.02292141180612
25.94	78.47036459250069
25.96	124.92929516294612
25.98	138.06470634573327
26.0	127.87759076071654
26.02	227.70094040986135
26.04	147.53474669800255
26.06	94.04600039677757
26.08	133.90069170384163
26.1	167.09881019327133
26.12	210.3083448547385
26.14	233.52728404688537
26.16	250.09061555798132
26.18	276.6603265628886
26.2	393.24740365074763
26.22	583.1748328032875
26.24	716.4425994107926
26.26	853.0606882870009
26.28	986.3490836386602
26.3	1262.9877690945207
26.32	1732.966727690414
26.34	2059.625941883144
26.36	2486.28539354463
26.38	2959.635063970597
26.4	3712.984933870036
26.42	4026.3449833785353
26.44	4259.725192068175
26.46	4339.77553891988
26.48	3806.496002354722
26.5	3773.2365602180025
26.52	2909.9871898155407
26.54	2516.737867844947
26.56	1946.8385704783334
26.58	1466.9492733175514
26.6	1047.0699513994343
26.62	757.20057921796
26.64	730.6811307058754
26.66	380.8315792495971
26.68	367.65189768709865
26.7	381.1620583170054
26.72	318.0020328872972
26.74	264.86179261108487
26.76	225.06130815770598
26.78	185.27054966604123
26.8	168.8224867501782
26.82	149.0510884777583
26.84	105.95632340534871
26.86	142.87115955307843
26.88	119.7945644306534
26.9	103.39550502536974
26.92	117.00494780169106
26.94	57.29085872047949
26.96	70.91920322390126
26.98	114.55794625680744
27.0	24.8720522557104
27.02	51.86148515147636
27.04	15.528208379860985
27.06	102.53618488510313
27.08	39.554377116687874
27.1	86.58174702589338
27.12	103.61725609508778
27.14	60.662865309767994
27.16	67.71753517434797
27.18	58.11422573421612
27.2	81.85289654803205
27.22	85.60050670104158
27.24	-83.97598517895256
27.26	99.79037906506153
27.28	66.8975571385314
27.3	114.01450627191957
27.32	41.14018326664325
27.34	14.940544458578415
27.36	78.74954573661364
27.38	29.234142556117718
27.4	126.39428992012404
27.42	100.22894240482549
27.44	157.40605414957759
27.46	204.59157886438504
27.48	25.118469835911924
27.5	75.65367992340714
27.52	52.863161572775994
27.54	26.748866822597734
27.56	70.64174726837086
27.58	147.8767541446449
27.6	5.118838249597161
27.62	79.03694998203162
27.64	42.96203936182724
27.66	36.895055998721205
27.68	77.50294912742959
27.7	28.118667586387005
27.72	-4.590840156929289
27.74	109.37337397123758
27.76	210.01225769331415
27.78	203.99275834399475
27.8	187.97982289878132
27.82	228.64139797076427
27.84	209.31042981594078
27.86	206.65386433995252
27.88	144.0036470844649
27.9	288.0287232590798
27.92	368.7300377349104
27.94	362.7655350241687
27.96	560.1481593212422
27.98	500.86785449014246
28.0	608.254564058728
28.02	768.988231247987
28.04	976.3987989496811
28.06	1047.1462097384094
28.08	1284.5704059024404
28.1	1661.9913293953407
28.12	2149.4289218799413
28.14	2936.8731247378682
28.16	3664.3138790327002
28.18	4841.771125558341
28.2	6245.8948048173015
28.22	8876.694857020078
28.24	12020.871222120462
28.26	18331.68383980256
28.28	24892.502649463997
28.3	29506.627590244818
28.32	27770.758601032103
28.34	22311.595620458214
28.36	18155.83858690877
28.38	15626.687438510136
28.4	11374.142113153277
28.42	6458.372548490109
28.44	3482.5686819526336
28.46	1983.4404507215725
28.48	1214.3177917819514
28.5	881.8706418694358
28.52	592.7589375250402
28.54	506.9826150700603
28.56	387.88161061075084
28.58	345.4558600715984
28.6	329.69529916759643
28.62	300.6098634167058
28.64	271.5294881507973
28.66	199.1211085147787
28.68	273.3836594845809
28.7	130.98507585528375
28.72	141.92429223675015
28.74	139.53424308948217
28.76	197.14986270488885
28.78	54.770085226356855
28.8	155.72784461490835
28.82	90.02307472120378
28.84	160.98970921254954
28.86	98.6276816593944
28.88	116.26892545779685
28.9	137.2483738915331
28.92	68.23196013075778
28.94	102.55361718171287
28.96	86.87827797514478
28.98	221.2068753086793
29.0	158.87334188139653
29.02	93.20961027508804
29.04	127.55061298347744
29.06	-31.43871759726801
29.08	2.90855084432701
29.1	43.92635051071488
29.12	68.28061354614022
29.14	135.97227202202998
29.16	90.33325792331436
29.18	168.03150314976597
29.2	19.065939584102352
29.22	33.436499004034545
29.24	111.1441131716158
29.26	28.854713775266532
29.28	83.23423244933224
29.3	94.28360081337382
29.32	145.33575044964095
29.34	83.05761287472512
29.36	104.11511960853557
29.38	11.84120214001507
29.4	19.570791943554696
29.42	80.63582047782916
29.44	8.370219177182548
29.46	66.10591949947468
29.48	80.5118528676993
29.5	74.91895074769059
29.52	125.995144579206
29.54	97.07336583221263
29.56	108.15354599169518
29.58	69.2356165620215
29.6	130.3195090670008
29.62	91.40515508410977
29.64	115.82548619280408
29.66	110.24843404046794
29.68	161.3389303011444
29.7	155.76390671447666
29.72	236.85729505305358
29.74	141.28502714662375
29.76	209.04803490188647
29.78	203.4782502777531
29.8	251.2436053192862
29.82	275.6760321258995
29.84	213.44346288719612
29.86	331.2118298703407
29.88	245.64706543291982
29.9	273.41710203390346
29.92	261.1868722010664
29.94	302.29130858919655
29.96	313.3963439442783
29.98	431.16891113275346
30.0	442.2749431139921
30.02	436.71137298790313
30.04	317.8211339503656
30.06	552.2651593395797
30.08	410.03238263163564
30.1	357.8097373981575
30.12	422.24715739003057
30.14	443.35457651064394
30.16	424.46192874938185
30.18	405.5691482816304
30.2	423.3461694642349
30.22	404.4529267732935
30.24	288.8923548552235
30.26	366.66538851867085
30.28	391.103962782047
30.3	222.2090127756643
30.32	323.3134738753839
30.34	361.0842815914359
30.36	215.52037163264015
30.38	149.95667990502795
30.4	427.7211425116087
30.42	268.8246957403031
30.44	239.92427611054939
30.46	187.68982032394638
30.48	252.12026527542605
30.5	116.55054811840625
30.52	194.31160620619323
30.54	222.07237709937476
30.56	253.16479860299592
30.58	177.58880874552835
30.6	38.67834578027089
30.62	179.76634821573373
30.64	134.18675478211105
30.66	48.604504490707086
30.68	156.35453653244429
30.7	187.4357904200059
30.72	51.84820589421656
30.74	76.25872294878411
30.76	110.66828184421126
30.78	95.07482311961144
30.8	56.14628757186733
30.82	137.21561627840788
30.84	161.6157505799389
30.86	156.01463212561237
30.88	190.41020282062095
30.9	214.80340487327032
30.92	182.52818078584392
30.94	173.5834733325421
30.96	134.63622561629313
30.98	119.01938102782935
31.0	103.40088325572094
31.02	207.778676299705
31.04	92.15370449249224
31.06	153.19291243801183
31.08	157.5632451291657
31.1	131.92964778205283
31.12	176.29306603986754
31.14	143.98744577478215
31.16	181.6787332796829
31.18	166.03287513380496
31.2	147.05081822887155
31.22	188.06550988451932
31.24	92.40989766913538
31.26	106.7519295632427
31.28	94.42255381644702
31.3	195.42371915942988
31.32	166.42137456713738
31.34	147.41546941169565
31.36	231.73995340880163
31.38	236.0597766731364
31.4	170.3758897001468
31.42	201.3552432701805
31.44	358.99778861004893
31.46	379.9694773115946
31.48	430.9372613141925
31.5	435.2340929609169
31.52	462.8609249896938
31.54	600.4867105230562
31.56	768.0984030338598
31.58	645.7159564041278
31.6	1023.3293249902065
31.62	1130.928463397385
31.64	1368.5333267705057
31.66	1779.4638705252212
31.68	2270.3900505983465
31.7	2884.6418232939586
31.72	3668.8991453174467
31.74	4049.8119737540374
31.76	3750.7202661615565
31.78	3054.9539804958067
31.8	2469.183075080263
31.82	2170.0775087714946
31.84	1780.9672407059636
31.86	1241.8522305913514
31.88	759.4024384248398
31.9	490.27782480409155
31.92	344.4813505308563
31.94	342.0139770752569
31.96	162.8746661596008
31.98	197.06338006926728
32.0	177.9140814595163
32.02	212.09373344064977
32.04	169.60029961209932
32.06	240.43574398221665
32.08	247.93303093651343
32.1	182.09112548771793
32.12	206.24499291133714
32.14	217.05959907592649
32.16	184.53491023051959
32.18	125.338893118697
32.2	186.13751490068591
32.22	170.264743230602
32.24	201.0525462467466
32.26	195.16789245957557
32.28	132.611750965434
32.3	90.04909128491329
32.32	104.14888331838108
32.34	128.24209757020003
32.36	185.66370492740123
32.38	129.74567679623874
32.4	180.48898504481917
32.42	47.89360197655503
32.44	115.29150045443805
32.46	192.68465372280775
32.48	250.0720356184155
32.5	97.45262032494486
32.52	118.16138266630207
32.54	145.53129780271342
32.56	206.2283414170663
32.58	140.25248977622016
32.6	147.60471948920826
32.62	134.95100777243522
32.64	85.62433223789947
32.66	132.9576710453299
32.68	173.61900285009017
32.7	97.60830675389468
32.72	68.25756234813332
32.74	155.56674980531227
32.76	152.8708496919819
32.78	186.83484312091298
32.8	204.12671166933364
32.82	181.41243747290162
32.84	202.02500308777041
32.86	175.96439161427338
32.88	209.89758660130667
32.9	100.49157220374093
32.92	134.41333293974992
32.94	201.660853905542
32.96	245.5701207236542
32.98	206.13911941074355
33.0	106.70183663073283
33.02	40.59125941170646
33.04	97.8083753888294
33.06	78.35217264555274
33.08	198.8896397454572
33.1	192.75376576995336
33.12	196.61154039463202
33.14	147.12995366143934
33.16	160.9759962158331
33.18	161.48165916972164
33.2	58.64693409686208
33.22	129.13981313618626
33.24	156.29328892406852
33.26	73.44035458689348
33.28	63.914003732292144
33.3	121.04723050573796
33.32	198.17502956003887
33.34	161.96239602194385
33.36	185.7443255312263
33.38	162.85181423627785
33.4	159.95385878842285
33.42	150.3824563318733
33.44	190.80460453669298
33.46	157.8873015559492
33.48	158.29654602456674
33.5	148.699337122276
33.52	235.76167449260595
33.54	212.81855834488601
33.56	349.86898925477533
33.58	210.2459684411532
33.6	257.28249754989577
33.62	200.98057870628134
33.64	231.33821458972113
33.66	208.35540833284597
33.68	272.0341635988897
33.7	109.03848452873774
33.72	182.70437567866418
33.74	173.02984227606237
33.76	150.01488991631834
33.78	103.66152467363088
33.8	227.30075318927197
33.82	144.26758253057585
33.84	134.56102027209806
33.86	114.8480745076248
33.88	128.4617538000814
33.9	122.0690671502349
33.92	182.33702416513972
33.94	165.932634767816
33.96	89.52090948406408
33.98	186.4368592785703
34.0	150.01249562012094
34.02	116.91583046094627
34.04	157.1458762002202
34.06	180.70264571277517
34.08	64.2531523731019
34.1	164.46441001995902
34.12	131.33643298930042
34.14	98.20223597880783
34.16	158.39483433538214
34.18	78.58124373447379
34.2	188.76148033883317
34.22	122.26856086884368
34.24	55.76950233814267
34.26	102.59832239469984
34.28	126.08703905717687
34.3	132.9036707979933
34.32	86.3802365987982
34.34	129.8517558110633
34.36	86.64924835730255
34.38	133.44173448388324
34.4	73.56123501576008
34.42	83.67477111456469
34.44	167.11536440967086
34.46	150.55103705388126
34.48	143.9798115511942
34.5	57.402710861166895
34.52	160.82075843670998
34.54	167.56497810349958
34.56	107.63739413844144
34.58	111.03803133635836
34.6	111.0989147373856
34.62	191.154069956954
34.64	54.5365230140153
34.66	127.91330028583309
34.68	171.2854286536366
34.7	151.31793538876616
34.72	271.34484809852245
34.74	331.36619495880393
34.76	258.0480044376824
34.78	321.39230541222594
34.8	378.06312730068805
34.82	474.72949971867206
34.84	601.3934528318325
34.86	638.042017177527
34.88	704.695223671489
34.9	658.0031036551529
34.92	634.6456888349451
34.94	644.6130112393832
34.96	687.9051034354318
34.98	717.8619982524444
35.0	574.483728953993
35.02	591.1003291739919
35.04	654.3718329520336
35.06	770.9782746170324
35.08	754.2396889358272
35.1	837.4961110242996
35.12	790.7575764185615
35.14	684.0041209058575
35.16	717.2457806686518
35.18	670.4925923077947
35.2	763.7245927678189
35.22	560.2918193222187
35.24	680.184309501213
35.26	586.7321013515259
35.28	573.2852331119932
35.3	539.830743502467
35.32	476.3706714618826
35.34	456.24005624585027
35.36	326.10493757491406
35.38	315.96535535940404
35.4	279.1553499446653
35.42	332.3399618643118
35.44	235.52023212366169
35.46	178.69720196655715
35.48	295.2019128374492
35.5	191.703406754222
35.52	188.20072574724497
35.54	211.35991232299716
35.56	187.84900928228478
35.58	137.66705962705407
35.6	134.14710678708855
35.62	130.6241943652924
35.64	133.76336619411506
35.66	86.89966660126618
35.68	90.03113999533457
35.7	93.15883119122793
35.72	102.94978513270019
35.74	99.4040471636356
35.76	102.52066284911837
35.78	98.96767797085636
35.8	98.74413863817904
35.82	115.18409113908444
35.84	101.61958212865704
35.86	64.71965825927498
35.88	104.48236681827427
35.9	67.5747549661894
35.92	80.66387026787618
35.94	70.41676056398921
35.96	100.16647375080413
35.98	43.24705809575772
36.0	52.99056208593339
36.02	49.39703433463791
36.04	42.46852375806503
36.06	-4.463920641083632
36.08	88.60075050731086
36.1	58.32958666402976
36.12	41.38963751503053
36.14	97.77895301003866
36.16	47.499583171102756
36.18	67.21757823666178
36.2	93.59998871175708
36.22	59.97986515731998
36.24	106.35625850794952
36.26	119.39821957510674
36.28	29.103799559632364
36.3	158.80704979103564
36.32	65.17402176410963
36.34	114.87276699438428
36.36	107.90333740157973
36.38	94.26378480215192
36.4	33.95616126507656
36.42	100.3135190052883
36.44	96.66891045125692
36.46	29.688387901736178
36.48	-0.6269958843010954
36.5	162.38881183719116
36.52	55.4038637640532
36.54	91.74921294792205
36.56	34.760912537849265
36.58	24.437015584311496
36.6	-39.22242456782925
36.62	170.45064549407164
36.64	43.456279301842926
36.66	116.4595303088638
36.68	66.12845225675414
36.7	22.46309889807327
36.72	35.462524087957036
36.74	48.460781697580956
36.76	14.791925633889377
36.78	37.78801008063664
36.8	50.78408908946028
36.82	37.11121678149419
36.84	26.771447503830757
36.86	26.43083540858123
36.88	-33.91056504925592
36.9	99.081300328069
36.92	28.73848603165044
36.94	128.39504655875305
36.96	94.71703633203708
36.98	-5.627490185455201
37.0	-12.638478390747139
37.02	100.34912620376713
37.04	146.6703781217965
37.06	22.99033189064056
37.08	69.31104224353771
37.1	58.96456355518535
37.12	35.28495056359844
37.14	81.60425772670044
37.16	54.59153958564809
37.18	60.91085075204376
37.2	100.5642458231456
37.22	86.8847790164939
37.24	99.8715049393619
37.26	92.85947816481155
37.28	115.84675289511802
37.3	138.8343835398888
37.32	111.8234244737049
37.34	178.14492991489226
37.36	241.13495407167818
37.38	174.12455111454915
37.4	133.78177513680862
37.42	126.77268010360478
37.44	206.43132014095738
37.46	72.75774903693605
37.48	162.41802056680103
37.5	198.74618853132222
37.52	148.40830648945655
37.54	188.0714281395102
37.56	117.73560681240076
37.58	157.4008959738402
37.6	143.73334885124189
37.62	160.0680184365076
37.64	186.40395806230106
37.66	249.40722045357984
37.68	325.7458585482253
37.7	278.7519249027639
37.72	375.09347228102877
37.74	301.4355528813327
37.76	431.1132191569237
37.78	347.45952329620854
37.8	547.1405171439394
37.82	770.1532527849024
37.84	599.8377818647907
37.86	899.5241558948085
37.88	922.5524263234377
37.9	1095.5726443358137
37.92	1128.5948611568904
37.94	1431.629127560974
37.96	1697.98549428909
37.98	1937.6840120376594
38.0	2144.054730999839
38.02	2723.7577014813787
38.04	3070.132973398021
38.06	3303.1705966251166
38.08	3372.880620791794
38.1	3515.9230951278923
38.12	3055.6380689978077
38.14	3032.025591319135
38.16	2585.0757109516317
38.18	2488.1384763980977
38.2	2031.1939358473858
38.22	1704.2521376542256
38.24	1530.6531295690395
38.26	1113.716959203951
38.28	863.4536740958658
38.3	723.1933213187306
38.32	729.605947825042
38.34	536.021600304922
38.36	482.43332515755594
38.38	528.8521685555891
38.4	398.60717657260034
38.42	365.0323945038016
38.44	354.7938681677168
38.46	304.5586423217154
38.48	157.65976211365273
38.5	270.76427180170924
38.52	247.2062159609734
38.54	260.3176383882861
38.56	253.4335828605707
38.58	156.5520928580329
38.6	176.34121146061375
38.62	249.46698157354388
38.64	65.93044567419861
38.66	149.06364584102323
38.68	128.86762420856087
38.7	92.0094223420873
38.72	128.4870814594948
38.74	84.96964268810848
38.76	128.12214636966803
38.78	84.6126330635118
38.8	51.107142921524314
38.82	30.938715320475126
38.84	184.10738972552213
38.86	90.61420508852632
38.88	127.12420003282443
38.9	53.639412970947205
38.92	100.15888176638134
38.94	143.34864409079023
38.96	136.54273707366212
38.98	99.74219783601609
39.0	42.945062740636104
39.02	12.819368092680861
39.04	79.36514954819165
39.06	142.58144270383787
39.08	112.46928254683303
39.1	72.36170368128955
39.12	48.92574062319352
39.14	45.49342715358637
39.16	8.73379694594206
39.18	15.310882996335408
39.2	98.56071822479305
39.22	71.81433499315904
39.24	78.40676521958983
39.26	28.33704065684458
39.28	71.6051922345971
39.3	114.87825101945475
39.32	48.157247195916966
39.34	74.77321077598447
39.36	-1.9378286320990696
39.38	151.35515801904262
39.4	24.653199678298392
39.42	-55.376675566239385
39.44	-2.067439614225975
39.46	7.912934772140773
39.48	-32.101525253272655
39.5	1.2222069977608498
39.52	34.55115758805607
39.54	44.5523523686976
39.56	57.89281654556714
39.58	71.2375751296961
39.6	71.25465253791049
39.62	37.944072574109555
39.64	17.971858957456675
39.66	58.00503485984689
39.68	98.04362272311289
39.7	64.7536449476653
39.72	144.80312318722702
39.74	108.19207868374531
39.76	78.25253246938689
39.78	41.651504777614946
39.8	161.7230155830723
39.82	35.13308440478124
39.84	155.21573007919199
39.86	48.63797102101114
39.88	115.39782572932438
39.9	88.83131146723633
39.92	85.60244551498602
39.94	192.38024437885474
39.96	55.829724140578605
39.98	139.28590071891256
40.0	99.41378938846344
40.02	159.54740454084993
40.04	179.68676078992746
40.06	99.83187153939969
40.08	203.31575036829167
40.1	220.1394100165288
40.12	140.30186269606372
40.14	310.4701203571766
40.16	267.31019424731915
40.18	317.49009523771804
40.2	351.00983359212285
40.22	654.5344191995421
40.24	518.0618615829966
40.26	728.2651695180914
40.28	1068.4743512037323
40.3	1372.0294148115838
40.32	1725.5803673880175
40.34	2305.807216055454
40.36	2996.0399668941345
40.38	4322.948626273971
40.4	6149.853198905578
40.42	8563.443690309852
40.44	11907.030104392976
40.46	16743.992445012038
40.48	20157.56071561886
40.5	20414.534919326034
40.52	19244.81505784674
40.54	16725.1011334485
40.56	14691.993147581517
40.58	13342.291100645081
40.6	12209.294992988795
40.62	10009.604824475176
40.64	7839.920594584651
40.66	5293.572301696267
40.68	3457.2399443633158
40.7	2527.5735200987156
40.72	1881.2430261832226
40.74	1074.9184594333576
40.76	741.9398161169477
40.78	615.627091759002
40.8	499.32728154515814
40.82	299.69637995278197
40.84	403.40438135646696
40.86	280.45227931167926
40.88	207.50506722605917
40.9	221.2317372975757
40.92	281.63028186818144
40.94	165.3676925005741
40.96	149.11095983320104
40.98	112.86107506100404
41.0	146.61602789518224
41.02	123.71080785231777
41.04	104.14440430996353
41.06	157.9168052034322
41.08	158.36199883006634
41.1	98.81297287800703
41.12	65.93671386847006
41.14	136.3992085700246
41.16	120.20044321890168
41.18	94.0074026685221
41.2	117.82107206196986
41.22	74.97243601426874
41.24	42.1304784115448
41.26	75.96018279152179
41.28	109.79653169596156
41.3	126.97050786153397
41.32	110.81809316329043
41.34	74.67026897782057
41.36	151.86201633815097
41.38	49.05831539813937
41.4	109.59414635741689
41.42	93.4694886658707
41.44	30.68232089867223
41.46	101.23462190058183
41.48	55.126369296938606
41.5	112.35554078674306
41.52	156.25811328973384
41.54	3.498062943454613
41.56	24.07736611709396
41.58	61.32899806821956
41.6	85.25193432259096
41.62	62.51414866477285
41.64	49.781615561960166
41.66	97.0533085976682
41.68	137.66420070416336
41.7	78.28026462197579
41.72	225.56847228617994
41.74	236.1947956213437
41.76	270.1592054153849
41.78	264.1296729579425
41.8	204.7711679488001
41.82	212.08366086164153
41.84	266.06912025502413
41.86	193.39151527214256
41.88	187.3868145035466
41.9	191.38598580709663
41.92	155.3899964191993
41.94	106.06581366697776
41.96	126.7464040171077
41.98	150.76573360517966
42.0	104.78876821406743
42.02	82.15047304628558
42.04	112.84981290286112
42.06	156.88675206988705
42.08	87.59525442288873
42.1	58.308283500922016
42.12	122.35880268952008
42.14	96.41477414949793
42.16	103.80716041736434
42.18	104.53792289143587
42.2	15.273023346843445
42.22	2.679422580043365
42.24	106.75608093030007
42.26	67.5039587022153
42.28	124.92301562574289
42.3	139.0122108252441
42.32	69.77250319553116
42.34	100.53685149983778
42.36	44.63921350595939
42.38	115.41154708701822
42.4	56.187809643868434
42.42	136.96795776207898
42.44	77.75194804400405
42.46	101.87273710107843
42.48	139.33127997287545
42.5	83.45953238980587
42.52	77.59144972124761
42.54	95.06098600970586
42.56	65.8670958962714
42.58	126.67673311131807
42.6	77.48985128756908
42.62	48.30640374747168
42.64	69.12634300988725
42.66	103.28262190005319
42.68	57.44319276930929
42.7	121.60600688921409
42.72	109.10601577710793
42.74	69.9421709905817
42.76	60.781423004702276
42.78	188.28972250501522
42.8	169.13501953792422
42.82	153.31726384299134
42.84	130.83440523751472
42.86	201.6883926584893
42.88	245.8791751906191
42.9	353.4047015501534
42.92	294.266919852195
42.94	481.7987778970303
42.96	529.333223509422
42.98	733.5362046492621
43.0	1147.738667841769
43.02	1468.6135602212173
43.04	1932.8308284122443
43.06	2083.7104184813625
43.08	2154.5922768982537
43.1	1805.4763491429524
43.12	1436.3625809759153
43.14	1300.5809175228162
43.16	1254.8013038937072
43.18	1125.6936848112102
43.2	959.9280050604841
43.22	747.4842085689099
43.24	588.3852395905602
43.26	332.6190422599192
43.28	350.18656005782816
43.3	231.08973638850568
43.32	151.99451420471144
43.34	162.90083684804688
43.36	250.47564715650083
43.38	151.38488744882784
43.4	248.96250059258625
43.42	133.2074281169073
43.44	174.12061278886836
43.46	178.3679961083659
43.48	155.95051964749587
43.5	203.534125471111
43.52	174.45175418273163
43.54	138.7033473701406
43.56	156.28984608005146
43.58	170.54319133644753
43.6	164.79732361001936
43.62	225.7191836805183
43.64	119.97571184818099
43.66	120.8988487317709
43.68	155.15553436180494
43.7	169.4127091274537
43.72	263.67131213408163
43.74	71.26228430161854
43.76	178.8545650476401
43.78	216.44709404921184
43.8	240.70581069308105
43.82	241.6316549096257
43.84	255.89056542633318
43.86	230.15048214424485
43.88	177.74234412007047
43.9	162.00209097511276
43.92	186.26066123101486
43.94	173.8529940142197
43.96	208.11102882821
43.98	272.36870429627436
44.0	249.95995949607027
44.02	304.21673332269404
44.04	278.4739648919948
44.06	339.39659255843605
44.08	340.3185556009647
44.1	361.2397926123466
44.12	468.82624240610005
44.14	429.74584386020854
44.16	403.9985363689865
44.18	431.5822577969126
44.2	485.83294760440356
44.22	490.08154444304387
44.24	524.3289873656728
44.26	538.5762152656624
44.28	526.1541670899356
44.3	583.7317818772456
44.32	584.6409987253894
44.34	582.2157567176126
44.36	539.7879950631074
44.38	507.3596529207746
44.4	391.59566978201894
44.42	392.4969851673201
44.44	406.73053839299416
44.46	417.6282683443586
44.48	215.19011619106152
44.5	279.41802017546604
44.52	220.30992138989848
44.54	241.1997590128393
44.56	128.7534736098284
44.58	202.9730049905428
44.6	210.52229417293404
44.62	204.73728117050075
44.64	218.948906573841
44.66	273.1581116639833
44.68	247.36583681091895
44.7	264.9030236640143
44.72	179.10561280699937
44.74	153.3045461700342
44.76	157.5007652227693
44.78	128.36121205206717
44.8	165.88582794012768
44.82	156.74055591214278
44.84	157.59233762655936
44.86	138.44111629273834
44.88	169.2868341430542
44.9	200.12943452097102
44.92	207.63586044329156
44.94	115.13805532936084
44.96	185.97096385933094
44.98	200.13452852238868
45.0	200.96069423710458
45.02	158.4494050605469
45.04	219.26860623305822
45.06	150.08424251159585
45.08	170.89625881147066
45.1	198.37160066567162
45.12	209.1762142437467
45.14	173.31004590083165
45.16	127.44104067700556
45.18	111.56714659004797
45.2	239.02330985187461
45.22	169.80847759969203
45.24	207.25559848410614
45.26	188.03261935522158
45.28	145.47248857633826
45.3	209.57415476264998
45.32	140.3385668998132
45.34	121.09867457625359
45.36	155.18842688100432
45.38	149.27277414522837
45.4	103.35266609449599
45.42	117.42905411168778
45.44	188.16688849978692
45.46	205.56612115366863
45.48	209.62870382382414
45.5	180.35258836438317
45.52	214.40472785902534
45.54	218.45207533929772
45.56	275.8285834439623
45.58	146.53320658080634
45.6	120.56589846683772
45.62	174.59461470612752
45.64	161.95030903733704
45.66	135.96893768386673
45.68	123.31445659673471
45.7	177.32282240843216
45.72	141.32499058170947
45.74	121.98892009321867
45.76	159.31456773516567
45.78	139.96789168885317
45.8	163.94885015604382
45.82	191.25840327637144
45.84	165.2285100781694
45.86	159.19313083492733
45.88	126.4862262334384
45.9	123.77375671855572
45.92	154.38868467417507
45.94	181.6639711619179
45.96	178.93457979851814
45.98	129.5324728372318
46.0	103.45761426636881
46.02	120.71096829428575
46.04	84.62449940893993
46.06	108.53317269762357
46.08	162.43495407857267
46.1	149.66480968425623
46.12	203.554706153521
46.14	107.43861127378904
46.16	141.31749240919618
46.18	148.52231875786373
46.2	132.38905862620032
46.22	119.58168194225135
46.24	106.76915884550112
46.26	143.9504598356014
46.28	207.79155722455766
46.3	121.6264214333466
46.32	168.78902668690284
46.34	85.94534447722418
46.36	119.76134941458008
46.38	143.57101536956606
46.4	170.70831804093473
46.42	167.8392322359594
46.44	74.96273402103242
46.46	128.7478005408064
46.48	135.85840920605978
46.5	166.29653782918166
46.52	123.39516500839386
46.54	190.4872707803168
46.56	114.23883389684056
46.58	194.65083527934917
46.6	158.3892568271155
46.62	215.45507992417993
46.64	152.5142870325597
46.66	129.5658612627346
46.68	153.27878632492667
46.7	140.31704763021543
46.72	134.01662951932832
46.74	134.37551758565115
46.76	171.3936992607384
46.78	95.0731608774384
46.8	138.74489093322632
46.82	129.07687757281678
46.84	182.73510953234353
46.86	146.3875780690085
46.88	213.3652730798173
46.9	143.67018571675425
46.92	183.96830827450748
46.94	140.92663321077566
46.96	127.87815398277036
46.98	201.4888647539076
47.0	171.75976039515376
47.02	222.0238369949468
47.04	152.28108979749527
47.06	99.19851694085975
47.08	162.775114667372
47.1	146.34488169600507
47.12	113.24181845843418
47.14	93.46492343356226
47.16	133.6811975480698
47.18	197.22364324457584
47.2	144.0932601263296
47.22	147.6220527693992
47.24	164.47802514562795
47.26	184.66018005924275
47.28	174.8355230134141
47.3	141.67106025663253
47.32	141.83279670278154
47.34	141.98774132281852
47.36	152.1359005959619
47.38	128.94328460960668
47.4	129.07790211491073
47.42	152.5397629107918
47.44	142.66087844763553
47.46	139.44125968966244
47.48	172.88292009610615
47.5	239.64987236835867
47.52	189.74412978753088
47.54	153.16570754467267
47.56	186.57962188226816
47.58	243.32088799765353
47.6	313.3885222541593
47.62	520.1155432356214
47.64	693.5039694527821
47.66	716.8848198117296
47.68	723.5931141451964
47.7	750.2908738952623
47.72	896.9891188960785
47.74	737.0108730071836
47.76	613.6931584399371
47.78	797.0349990287389
47.8	683.7044187318551
47.82	680.3664434966455
47.84	523.6900987749776
47.86	520.3394122662618
47.88	446.9834100733599
47.9	476.9541210649579
47.92	390.25157446129435
47.94	346.8767991126399
47.96	243.49582661458572
47.98	240.10768719647302
48.0	260.0474132566711
48.02	229.9810379602829
48.04	219.9085945415615
48.06	246.49711608154325
48.08	133.07963853555867
48.1	226.32219762799218
48.12	76.22582897167308
48.14	99.45657084117983
48.16	172.68245998928052
48.18	175.90153602257783
48.2	175.78183720375387
48.22	152.32340372542404
48.24	202.1922783455537
48.26	108.7214991712869
48.28	158.57911109494006
48.3	61.76515577527772
48.32	144.94467710528556
48.34	124.78571994841627
48.36	134.62132851337378
48.38	164.45154950716392
48.4	130.94342854851294
48.42	127.42901325130214
48.44	127.24335148829113
48.46	90.38649144170068
48.48	183.52348294705303
48.5	213.32237566015397
48.52	123.11622002189256
48.54	189.5720669700184
48.56	62.68896956525282
48.58	119.1349799453472
48.6	175.57515089161888
48.62	185.34453704174365
48.64	175.10919227201947
48.66	244.86917228137156
48.68	117.95853436312046
48.7	81.04233258381578
48.72	117.45562560652053
48.74	193.86347108617036
48.76	143.60092760969263
48.78	116.66805415892469
48.8	129.7299103091675
48.82	119.454556413609
48.84	102.50805403268595
48.86	75.55846385182832
48.88	241.93684904149688
48.9	124.9792707220493
48.92	134.6837948506889
48.94	191.05048220576708
48.96	147.41439989464857
48.98	70.44061227383344
49.0	196.7971841335559
49.02	129.8161826065886
49.04	186.1656748238122
49.06	132.5117269934288
49.08	138.85340753155168
49.1	168.52578435370805
49.12	138.19492701783446
49.14	114.5279053554143
49.16	97.52378830971128
49.18	93.85064650546269
49.2	166.8405517094622
49.22	103.16157494158256
49.24	136.14578811038945
49.26	192.46126367302645
49.28	105.44007483189915
49.3	148.41729397220644
49.32	111.39099596947494
49.34	184.36225471415372
49.36	130.66514508875412
49.38	140.2987425972417
49.4	89.9301223226023
49.42	66.22636014969049
49.44	82.5195325841093
49.46	92.144716613159
49.48	145.1019900840127
49.5	114.72342913786434
49.52	107.67611324633913
49.54	143.96111967569033
49.56	120.24352840811906
49.58	109.85841661279545
49.6	116.13886497600038
49.62	192.41795361686837
49.64	165.36176087567878
49.66	94.97136921430797
49.68	131.24685765430496
49.7	150.85430809221162
49.72	87.12680153820537
49.74	90.06642004947372
49.76	183.00424436028993
49.78	102.60835765660454
49.8	122.21184093672059
49.82	98.48177731627385
49.84	151.41725085644725
49.86	114.35234182933772
49.88	107.28813656923177
49.9	170.22271550423034
49.92	193.157164935558
49.94	122.75856667316538
49.96	209.02700541221134
49.98	185.2955643009571
50.0	214.8973291922028
50.02	201.16538310869208
50.04	254.10181153723704
50.06	317.03769785075133
50.08	359.97412839309675
50.1	449.5781849986421
50.12	569.1829551998495
50.14	782.1255237435664
50.16	665.0619740842187
50.18	654.6693921931321
50.2	577.6108635927127
50.22	447.2204718219115
50.24	573.4983031814875
50.26	479.7774415640614
50.28	602.7239733819254
50.3	459.0059827677268
50.32	488.6225544818461
50.34	461.5737738639175
50.36	354.5267258650098
50.38	314.14849404406834
50.4	307.10616530025607
50.42	330.064821530573
50.44	289.69254970589395
50.46	269.32243241193214
50.48	222.28755442908425
50.5	255.255998398732
50.52	218.2258509566775
50.54	274.5321923452228
50.56	250.8401089098303
50.58	240.484682751489
50.6	253.46599678025257
50.62	276.449133281257
50.64	272.7691757482843
50.66	152.42520616843996
50.68	185.41730573350947
50.7	201.74655711605175
50.72	124.74504189947334
50.74	147.74683909693402
50.76	154.086032535389
50.78	193.76170017748814
50.8	176.77392216957804
50.82	136.45678122336238
50.84	176.14335324999837
50.86	149.1677161890928
50.88	192.19495371508242
50.9	148.5601378676236
50.92	101.59535040521155
50.94	137.96866735774694
50.96	84.34516422547011
50.98	100.72691840895573
51.0	83.77900504685812
51.02	123.50249753133966
51.04	59.89747490609011
51.06	99.63000822635081
51.08	96.03417025566324
51.1	59.10903677645115
51.12	118.85567626395937
51.14	118.60716399467788
51.16	128.3635699970721
51.18	91.45796380740347
51.2	84.55841633612164
51.22	137.66299607709811
51.24	134.1067717274944
51.26	40.55481279469376
51.28	90.34218273833238
51.3	153.46895201527678
51.32	99.93318214102754
51.34	116.40394210026284
51.36	112.8802918336167
51.38	106.02829873460291
51.4	35.84902273988996
51.42	79.00852596450994
51.44	132.17486963429275
51.46	148.67911412805978
51.48	111.85731775777259
51.5	118.37354020350602
51.52	51.5638368705857
51.54	94.75926690193887
51.56	77.96088411684894
51.58	61.16974291594835
51.6	77.71689861934709
51.62	47.60440199575959
51.64	90.83230709145738
51.66	34.065662905191175
51.68	70.63951903944127
51.7	87.21892628061022
51.72	43.80593056619114
51.74	80.3995787403199
51.76	86.99891753745459
51.78	36.93898885290099
51.8	73.55283973220071
51.82	83.50651003315147
51.84	133.46704120614163
51.86	13.434474662647744
51.88	50.07584684976047
51.9	-3.276802960051384
51.92	86.71156118621428
51.94	80.04097600480037
51.96	56.70947417789711
51.98	20.05309063336773
52.0	56.73585151600554
52.02	83.42679334015997
52.04	106.79094314865205
52.06	90.16332811678313
52.08	96.87497458630668
52.1	56.92790688382655
52.12	50.32215175228504
52.14	80.38972961091514
52.16	77.13066084754672
52.18	53.87996804161526
52.2	73.96966885822917
52.22	134.06677724090991
52.24	100.83831143682056
52.26	220.95028558275396
52.28	207.73571100427637
52.3	311.1966011599378
52.32	421.33096182860197
52.34	491.4728067593695
52.36	508.28813760325704
52.38	498.4449641244688
52.4	375.27628635934093
52.42	358.78110904735934
52.44	385.62743110378074
52.46	362.4812548799472
52.48	319.3415730845487
52.5	302.877385434689
52.52	309.75268485347317
52.54	213.3034649916243
52.56	210.19371734848085
52.58	163.75942763779477
52.6	153.99859039457243
52.62	100.91118672715373
52.64	114.49920338539397
52.66	138.0936223279307
52.68	81.69542418978807
52.7	105.30559243531917
52.72	115.58910117283978
52.74	95.87992680751069
52.76	72.84404503415561
52.78	33.14942747489539
52.8	56.79604508621725
52.82	113.78186891213107
52.84	27.442865562852433
52.86	64.44299805697364
52.88	31.451233444985746
52.9	18.466533728003753
52.92	18.82185704960449
52.94	65.8501628741912
52.96	86.21940929622059
52.98	103.26254893790178
53.0	30.312537460145734
53.02	57.368322482096744
53.04	117.76485640876189
53.06	21.502084211302474
53.08	45.244954390155954
53.1	42.32840959516926
53.12	39.41739133555228
53.14	116.51383813983853
53.16	20.282692493955153
53.18	40.72488687586582
53.2	64.5073551521071
53.22	71.62803344373668
53.24	112.08884787848791
53.26	95.88973094384147
53.28	99.69560811049018
53.3	63.507404903347094
53.32	87.3260422114634
53.34	64.48244171478717
53.36	148.312524183393
53.38	88.81420584386962
53.4	79.32140135215906
53.42	89.8340246475289
53.44	127.01798617026787
53.46	87.54119722821332
53.48	111.40356382924966
53.5	138.60299216615812
53.52	145.8083869390132
53.54	89.68464778058541
53.56	100.23267504355744
53.58	77.45236967989626
53.6	114.67662238517534
53.62	61.9043317467337
53.64	99.13738806898914
53.66	73.04068052151405
53.68	100.28210042549767
53.7	67.52753138493591
53.72	94.77585862013501
53.74	45.36196635164805
53.76	152.61873218644473
53.78	73.21203818440995
53.8	100.47576012688825
53.82	44.4087707605388
53.84	161.67894712143044
53.86	128.95115772195703
53.88	82.89427338000115
53.9	106.83916232108754
53.92	67.4536878750398
53.94	148.0707179921767
53.96	48.69010978062147
53.98	119.31172735365112
54.0	99.93542717209789
54.02	83.89406905283676
54.04	37.85550398493962
54.06	111.81758743740215
54.08	65.78116912547983
54.1	46.413101657145205
54.12	143.7132315776646
54.14	137.68040333265952
54.16	64.98246535916701
54.18	165.61825650530523
54.2	102.92162036780229
54.22	136.89139662202365
54.24	134.19542303065992
54.26	241.49853491444503
54.28	155.4695689298913
54.3	176.10635709992658
54.32	183.40873084118783
54.34	250.71152029418886
54.36	174.67955513957412
54.38	248.64766334275362
54.4	355.9466668949068
54.42	383.24539402617233
54.44	463.8756659004823
54.46	291.1713025681619
54.48	355.1311265221623
54.5	409.08895460903716
54.52	333.04560688959634
54.54	276.99889626857043
54.56	267.6166396218789
54.58	324.898649295459
54.6	295.51074051842613
54.62	276.1197192971903
54.64	230.05840311768702
54.66	250.6605940112379
54.68	277.9261046798073
54.7	235.18673877309328
54.72	142.4443061399536
54.74	176.36360740192748
54.76	110.27944752352215
54.78	124.18963277335138
54.8	221.42896468681448
54.82	101.99623944931392
54.84	172.55826295505705
54.86	136.44783386351924
54.88	100.33175388356602
54.9	34.21081739194943
54.92	131.4158232632878
54.94	158.61557130816368
54.96	179.1418540495754
54.98	99.66147252067026
55.0	93.50722019486119
55.02	104.01289302566573
55.04	141.1782881353895
55.06	121.66919706774502
55.08	118.81941695016013
55.1	109.2947426604822
55.12	89.76196388091358
55.14	123.55388304814119
55.16	94.00428612118708
55.18	117.77897095440557
55.2	148.21173500117283
55.22	68.63536915630237
55.24	169.0496677239468
55.26	122.78842943874935
55.28	166.51644557270924
55.3	210.2345148628271
55.32	147.27643031243065
55.34	150.97398913740898
55.36	184.66199036418567
55.38	145.00523153441628
55.4	125.33751253084648
55.42	155.65863145602071
55.44	209.30138786045723
55.46	206.26658159384698
55.48	133.21902034412477
55.5	176.82749961777319
55.52	197.08982836632077
55.54	187.33981366952668
55.56	200.91025800809007
55.58	107.80197148929602
55.6	244.67976685655293
55.62	191.54544945060775
55.64	171.73083785565836
55.66	155.2357408674622
55.68	115.39398262389722
55.7	172.20537309698125
55.72	162.33573713474766
55.74	55.78489491276986
55.76	169.2206734681402
55.78	162.6408944653988
55.8	169.38039323252616
55.82	152.77099756841494
55.84	219.48053910788605
55.86	179.5078565654274
55.88	136.18578906602187
55.9	129.5161798447678
55.92	176.1628729444971
55.94	119.46171276659317
55.96	142.7435555392833
55.98	106.00925189962862
56.0	149.25966224212772
56.02	199.15964486769536
56.04	172.3760624707313
56.06	152.24278785423235
56.08	118.75969225308819
56.1	221.9256512064851
56.12	58.408542472063175
56.14	134.87325249179838
56.16	71.32166603060182
56.18	111.08567790673555
56.2	107.49918748359215
56.22	127.22809356017552
56.24	140.27230383915162
56.26	129.96572765463065
56.28	102.97428373172869
56.3	145.96589194551217
56.32	108.93848295574139
56.34	108.55998246011154
56.36	161.49633352828522
56.38	201.08147491785775
56.4	110.64836114630879
56.42	56.86394628825951
56.44	143.06118630217844
56.46	99.23905570146297
56.48	98.73252537181969
56.5	141.5415721678017
56.52	60.99819326304879
56.54	170.4363761771545
56.56	193.18911939043323
56.58	75.92343671533735
56.6	161.9733415233161
56.62	168.00485549138267
56.64	144.01701520140767
56.66	146.67885333467876
56.68	112.65442065059023
56.7	78.61277105246995
56.72	81.21896501622967
56.74	190.47407828583954
56.76	163.0451923478484
56.78	135.59739159474998
56.8	148.13177685456748
56.82	127.315457465939
56.84	99.81554757852592
56.86	112.29717504383302
56.88	128.0954818748085
56.9	127.20960665154581
56.92	109.63971039227476
56.94	32.052957698255966
56.96	137.78353184444427
56.98	120.16361391930394
57.0	139.19441114980572
57.02	128.20912858404762
57.04	97.20799107265037
57.06	106.19123427747826
57.08	68.49310047605996
57.1	134.11184889408895
57.12	129.71674872734297
57.14	45.30708780992592
57.16	117.54915398940216
57.18	103.11125794242417
57.2	28.65872438019568
57.22	130.86088378836013
57.24	73.04909033397712
57.26	105.22469815503126
57.28	94.05509365562165
57.3	119.54065814667706
57.32	51.68080316824188
57.34	110.47694759568247
57.36	115.92952791266293
57.38	148.0379910555027
57.4	93.4708082648242
57.42	88.8944615475719
57.44	80.9754474271715
57.46	119.71527726562203
57.48	135.11448700996135
57.5	100.50562766252978
57.52	112.55826008276364
57.54	124.60396641387638
57.56	99.97835141413253
57.58	62.01403346890879
57.6	140.71264767594698
57.62	112.74085238740798
57.64	81.4333200359003
57.66	140.12374540433365
57.68	52.14684336405645
57.7	147.5013435460175
57.72	92.85700231962551
57.74	58.2135958004672
57.76	16.904905825694925
57.78	98.93176874068308
57.8	107.62899986525304
57.82	76.33047250616369
57.84	78.3700604779994
57.86	23.74966889380744
57.88	42.46921989682164
57.9	37.863666698723875
57.92	29.93297458534221
57.94	18.679141335607028
57.96	40.76919084533864
57.98	96.20515918854949
58.0	71.65411745955663
58.02	53.78315811274956
58.04	109.26140251523776
58.06	71.4219926768958
58.08	30.267097989835065
58.1	72.46391726692372
58.12	54.68167209371478
58.14	16.91961129928245
58.16	109.18001589988552
58.18	31.465196913902957
58.2	93.77448171068977
58.22	66.1102355765367
58.24	-8.192150261191955
58.26	67.53475136809158
58.28	39.9583897869627
58.3	95.74824292469003
58.32	78.23782820262136
58.34	94.09668972682431
58.36	73.32539958234867
58.38	145.9255683344411
58.4	35.23283666800421
58.42	121.24887859788743
58.44	127.30739129230341
58.46	220.0791274968377
58.48	279.56384758486263
58.5	269.0973703415747
58.52	538.6815369165068
58.54	511.651223850374
58.56	758.0123474802506
58.58	851.0898556160494
58.6	794.225740840827
58.62	707.4320249986315
58.64	570.6907778332491
58.66	440.6840881401106
58.68	417.4111072627219
58.7	424.206011452127
58.72	424.4060196374163
58.74	458.0133928614322
58.76	468.3624201416113
58.78	338.78945721601656
58.8	349.29688278984565
58.82	256.55311585777656
58.84	213.8956289129012
58.86	181.32593770498522
58.88	172.17958677750892
58.9	73.126184012044
58.92	154.1683674002432
58.94	41.97483318663279
58.96	119.8833104071266
58.98	77.89558741545062
59.0	79.34748965893397
59.02	130.90889024095833
59.04	119.24871615122237
59.06	97.70494886014353
59.08	59.6125991578258
59.1	74.97474920837402
59.12	83.79552146652281
59.14	32.74408113867122
59.16	55.156665049705964
59.18	107.70354797219062
59.2	110.3880601263316
59.22	103.21358590461915
59.24	82.8495686224457
59.26	99.30149353034523
59.28	89.23691697830208
59.3	109.32844294161919
59.32	149.57873232198637
59.34	103.32450235304879
59.36	110.56953456233464
59.38	144.65165696780173
59.4	152.2407715011547
59.42	163.34182833541422
59.44	161.29084325785942
59.46	132.7598976341426
59.48	151.08512648598543
59.5	139.60572391560873
59.52	211.6569605979209
59.54	213.91216928723156
59.56	209.7077351321525
59.58	202.3821251315547
59.6	218.60585573007285
59.62	248.38351730097497
59.64	271.7207788937538
59.66	175.28736326964707
59.68	279.0900663781024
59.7	266.4657500868591
59.72	284.0863585916625
59.74	245.2898967422704
59.76	246.74944668703557
59.78	335.1351636966372
59.8	357.1192729852585
59.82	366.0410639761933
59.84	328.5719408756383
59.86	388.05133371028626
59.88	387.8177793115871
59.9	301.21088089265123
59.92	281.5683299158789
59.94	458.8958930589548
59.96	399.86740898683337
59.98	444.4888079879618
60.0	449.43109057207334
